35
20
m 0 19
1 34 0
2 34 0
3 34 0
w 3 19
w 4 19
w 5 19
w 6 19
w 7 19
w 8 19
w 9 19
w 10 19
w 11 19
w 12 19
w 13 19
w 14 19
w 15 19
w 16 19
w 17 19
w 18 19
w 19 19
w 20 19
w 21 19
w 22 19
w 23 19
w 24 19
w 25 19
w 26 19
w 27 19
w 28 19
w 29 19
w 30 19
w 31 19
w 1 18
w 3 18
w 4 18
w 5 18
w 6 18
w 7 18
w 8 18
w 9 18
w 10 18
w 11 18
w 12 18
w 13 18
w 14 18
w 15 18
w 16 18
w 17 18
w 18 18
w 19 18
w 20 18
w 21 18
w 22 18
w 23 18
w 24 18
w 25 18
w 26 18
w 27 18
w 28 18
w 29 18
w 30 18
w 31 18
w 33 18
w 3 17
w 4 17
w 5 17
w 6 17
w 7 17
w 8 17
w 9 17
w 10 17
w 11 17
w 12 17
w 13 17
w 14 17
w 15 17
w 16 17
w 17 17
w 18 17
w 19 17
w 20 17
w 21 17
w 22 17
w 23 17
w 24 17
w 25 17
w 26 17
w 27 17
w 28 17
w 29 17
w 30 17
w 31 17
w 1 16
w 3 16
w 4 16
w 5 16
w 6 16
w 7 16
w 8 16
w 9 16
w 10 16
w 11 16
w 12 16
w 13 16
w 14 16
w 15 16
w 16 16
w 17 16
w 18 16
w 19 16
w 20 16
w 21 16
w 22 16
w 23 16
w 24 16
w 25 16
w 26 16
w 27 16
w 28 16
w 29 16
w 30 16
w 31 16
w 33 16
w 1 15
w 3 15
w 4 15
w 5 15
w 6 15
w 7 15
w 8 15
w 9 15
w 10 15
w 11 15
w 12 15
w 13 15
w 14 15
w 15 15
w 16 15
w 17 15
w 18 15
w 19 15
w 20 15
w 21 15
w 22 15
w 23 15
w 24 15
w 25 15
w 26 15
w 27 15
w 28 15
w 29 15
w 30 15
w 31 15
w 33 15
w 8 14
w 9 14
w 10 14
w 11 14
w 12 14
w 13 14
w 14 14
w 15 14
w 16 14
w 17 14
w 18 14
w 19 14
w 20 14
w 21 14
w 22 14
w 23 14
w 24 14
w 25 14
w 26 14
w 1 13
w 2 13
w 4 13
w 5 13
w 6 13
w 8 13
w 9 13
w 10 13
w 11 13
w 12 13
w 13 13
w 14 13
w 15 13
w 16 13
w 17 13
w 18 13
w 19 13
w 20 13
w 21 13
w 22 13
w 23 13
w 24 13
w 25 13
w 26 13
w 28 13
w 29 13
w 30 13
w 32 13
w 33 13
w 1 12
w 2 12
w 4 12
w 5 12
w 6 12
w 8 12
w 9 12
w 10 12
w 11 12
w 12 12
w 13 12
w 14 12
w 15 12
w 16 12
w 17 12
w 18 12
w 19 12
w 20 12
w 21 12
w 22 12
w 23 12
w 24 12
w 25 12
w 26 12
w 28 12
w 29 12
w 30 12
w 32 12
w 33 12
w 1 11
w 2 11
w 8 11
w 9 11
w 10 11
w 11 11
w 23 11
w 24 11
w 25 11
w 26 11
w 32 11
w 33 11
w 3 10
w 4 10
w 5 10
w 6 10
w 8 10
w 9 10
w 10 10
w 11 10
w 13 10
w 14 10
w 15 10
w 16 10
w 17 10
w 18 10
w 19 10
w 20 10
w 21 10
w 23 10
w 24 10
w 25 10
w 26 10
w 28 10
w 29 10
w 30 10
w 31 10
w 1 9
w 6 9
w 8 9
w 9 9
w 10 9
w 11 9
w 13 9
w 14 9
w 15 9
w 16 9
w 17 9
w 18 9
w 19 9
w 20 9
w 21 9
w 23 9
w 24 9
w 25 9
w 26 9
w 28 9
w 33 9
w 1 8
w 3 8
w 4 8
w 6 8
w 8 8
w 9 8
w 10 8
w 11 8
w 13 8
w 14 8
w 15 8
w 16 8
w 17 8
w 18 8
w 19 8
w 20 8
w 21 8
w 23 8
w 24 8
w 25 8
w 26 8
w 28 8
w 30 8
w 31 8
w 33 8
w 1 7
w 8 7
w 9 7
w 10 7
w 11 7
w 23 7
w 24 7
w 25 7
w 26 7
w 33 7
w 1 6
w 3 6
w 5 6
w 6 6
w 13 6
w 14 6
w 15 6
w 17 6
w 19 6
w 20 6
w 21 6
w 28 6
w 29 6
w 31 6
w 33 6
w 3 5
w 8 5
w 9 5
w 10 5
w 11 5
w 13 5
w 14 5
w 15 5
w 17 5
w 19 5
w 20 5
w 21 5
w 23 5
w 24 5
w 25 5
w 26 5
w 31 5
w 1 4
w 5 4
w 6 4
w 8 4
w 9 4
w 10 4
w 11 4
w 13 4
w 14 4
w 15 4
w 17 4
w 19 4
w 20 4
w 21 4
w 23 4
w 24 4
w 25 4
w 26 4
w 28 4
w 29 4
w 33 4
w 3 3
w 5 3
w 6 3
w 8 3
w 9 3
w 10 3
w 11 3
w 17 3
w 23 3
w 24 3
w 25 3
w 26 3
w 28 3
w 29 3
w 31 3
w 1 2
w 5 2
w 6 2
w 11 2
w 13 2
w 14 2
w 15 2
w 19 2
w 20 2
w 21 2
w 23 2
w 28 2
w 29 2
w 33 2
w 1 1
w 3 1
w 5 1
w 6 1
w 8 1
w 9 1
w 13 1
w 14 1
w 15 1
w 17 1
w 19 1
w 20 1
w 21 1
w 25 1
w 26 1
w 28 1
w 29 1
w 31 1
w 33 1
w 11 0
w 23 0
p 2 19
p 33 19
p 0 18
p 32 18
p 34 18
p 0 17
p 2 17
p 32 17
p 32 16
p 0 15
p 2 15
p 32 15
p 34 15
p 1 14
p 2 14
p 3 14
p 6 14
p 29 14
p 31 14
p 34 14
p 7 13
p 27 13
p 31 13
p 3 12
p 31 12
p 0 11
p 13 11
p 15 11
p 19 11
p 20 11
p 22 11
p 29 11
p 30 11
p 22 10
p 27 10
p 32 10
p 33 10
p 34 10
p 0 9
p 2 9
p 4 9
p 31 9
p 32 9
p 34 9
p 5 8
p 12 8
p 32 8
p 34 8
p 4 7
p 6 7
p 15 7
p 16 7
p 18 7
p 19 7
p 21 7
p 27 7
p 28 7
p 30 7
p 32 7
p 2 6
p 8 6
p 9 6
p 10 6
p 11 6
p 12 6
p 16 6
p 23 6
p 7 5
p 18 5
p 28 5
p 30 5
p 33 5
p 34 5
p 3 4
p 4 4
p 7 4
p 12 4
p 22 4
p 27 4
p 30 4
p 32 4
p 1 3
p 2 3
p 4 3
p 7 3
p 12 3
p 13 3
p 15 3
p 16 3
p 18 3
p 19 3
p 20 3
p 21 3
p 22 3
p 32 3
p 33 3
p 0 2
p 3 2
p 8 2
p 9 2
p 16 2
p 17 2
p 22 2
p 24 2
p 25 2
p 26 2
p 30 2
p 31 2
p 0 1
p 2 1
p 4 1
p 10 1
p 11 1
p 12 1
p 16 1
p 18 1
p 34 1
p 3 0
p 5 0
p 7 0
p 9 0
p 10 0
p 12 0
p 13 0
p 15 0
p 16 0
p 18 0
p 22 0
p 27 0
p 31 0
p 32 0
p 33 0
t 1400 0
m 0 18
1 34 1
2 34 1
3 34 1
t 1399 0
m 0 18
1 34 2
2 34 2
3 34 2
t 1398 0
m 0 18
1 34 3
2 34 3
3 34 3
t 1397 0
m 0 18
1 34 4
2 34 4
3 34 4
t 1396 0
m 0 17
1 34 5
2 34 5
3 34 5
t 1395 1
m 0 16
1 34 6
2 34 6
3 34 6
t 1394 1
m 0 16
1 34 7
2 34 7
3 34 7
t 1393 1
m 0 15
1 34 8
2 34 8
3 34 8
t 1392 2
m 0 14
1 34 9
2 34 9
3 34 9
t 1391 2
m 0 15
1 34 10
2 34 10
3 34 10
t 1390 2
m 0 16
1 34 11
2 34 11
3 34 11
t 1389 2
m 0 15
1 34 12
2 34 12
3 34 12
t 1388 2
m 0 14
1 34 13
2 34 13
3 34 13
t 1387 2
m 0 14
1 34 14
2 34 14
3 34 14
t 1386 2
m 0 14
1 33 14
2 33 14
3 33 14
t 1385 2
m 0 14
1 32 14
2 32 14
3 32 14
t 1384 2
m 0 14
1 31 14
2 31 14
3 31 14
t 1383 2
m 1 14
1 30 14
2 30 14
3 30 14
t 1382 3
m 2 14
1 29 14
2 29 14
3 29 14
t 1381 3
m 2 14
1 28 14
2 28 14
3 28 14
t 1380 3
m 2 14
1 27 14
2 27 14
3 27 14
t 1379 3
m 2 15
1 28 14
2 28 14
3 28 14
t 1378 4
m 2 16
1 27 14
2 27 14
3 27 14
t 1377 4
m 2 17
1 28 14
2 28 14
3 28 14
t 1376 5
m 2 18
1 27 14
2 27 14
3 27 14
t 1375 5
m 2 19
1 28 14
2 28 14
3 28 14
t 1374 6
m 2 19
1 27 14
2 27 14
3 27 14
t 1373 6
m 2 18
1 28 14
2 28 14
3 28 14
t 1372 6
m 2 18
1 27 14
2 27 14
3 27 14
t 1371 6
m 2 17
1 28 14
2 28 14
3 28 14
t 1370 6
m 2 16
1 27 14
2 27 14
3 27 14
t 1369 6
m 2 15
1 28 14
2 28 14
3 28 14
t 1368 6
m 2 14
1 27 14
2 27 14
3 27 14
t 1367 6
m 2 14
1 28 14
2 28 14
3 28 14
t 1366 6
m 2 14
1 27 14
2 27 14
3 27 14
t 1365 6
m 3 14
1 28 14
2 28 14
3 28 14
t 1364 6
m 3 13
1 27 14
2 27 14
3 27 14
t 1363 6
m 3 13
1 27 13
2 27 13
3 27 13
t 1362 6
m 3 12
1 27 14
2 27 14
3 27 14
t 1361 7
m 3 11
1 27 13
2 27 13
3 27 13
t 1360 7
m 4 11
1 27 12
2 27 12
3 27 12
t 1359 7
m 5 11
1 27 11
2 27 11
3 27 11
t 1358 7
m 4 11
1 27 12
2 27 12
3 27 12
t 1357 7
m 4 11
1 27 11
2 27 11
3 27 11
t 1356 7
m 4 11
1 27 12
2 27 12
3 27 12
t 1355 7
m 4 11
1 27 11
2 27 11
3 27 11
t 1354 7
m 3 11
1 27 12
2 27 12
3 27 12
t 1353 7
m 4 11
1 27 11
2 27 11
3 27 11
t 1352 7
m 4 11
1 27 12
2 27 12
3 27 12
t 1351 7
m 4 11
1 27 11
2 27 11
3 27 11
t 1350 7
m 4 11
1 27 12
2 27 12
3 27 12
t 1349 7
m 3 11
1 27 11
2 27 11
3 27 11
t 1348 7
m 4 11
1 27 12
2 27 12
3 27 12
t 1347 7
m 3 11
1 27 11
2 27 11
3 27 11
t 1346 7
m 4 11
1 27 12
2 27 12
3 27 12
t 1345 7
m 5 11
1 27 11
2 27 11
3 27 11
t 1344 7
m 4 11
1 27 12
2 27 12
3 27 12
t 1343 7
m 4 11
1 27 11
2 27 11
3 27 11
t 1342 7
m 3 11
1 27 12
2 27 12
3 27 12
t 1341 7
m 4 11
1 27 11
2 27 11
3 27 11
t 1340 7
m 4 11
1 27 12
2 27 12
3 27 12
t 1339 7
m 4 11
1 27 11
2 27 11
3 27 11
t 1338 7
m 4 11
1 27 12
2 27 12
3 27 12
t 1337 7
m 5 11
1 27 11
2 27 11
3 27 11
t 1336 7
m 4 11
1 27 12
2 27 12
3 27 12
t 1335 7
m 5 11
1 27 11
2 27 11
3 27 11
t 1334 7
m 4 11
1 27 12
2 27 12
3 27 12
t 1333 7
m 4 11
1 27 11
2 27 11
3 27 11
t 1332 7
m 4 11
1 27 12
2 27 12
3 27 12
t 1331 7
m 5 11
1 27 11
2 27 11
3 27 11
t 1330 7
m 5 11
1 27 12
2 27 12
3 27 12
t 1329 7
m 4 11
1 27 11
2 27 11
3 27 11
t 1328 7
m 4 11
1 27 12
2 27 12
3 27 12
t 1327 7
m 3 11
1 27 11
2 27 11
3 27 11
t 1326 7
m 4 11
1 27 12
2 27 12
3 27 12
t 1325 7
m 3 11
1 27 11
2 27 11
3 27 11
t 1324 7
m 4 11
1 27 12
2 27 12
3 27 12
t 1323 7
m 4 11
1 27 11
2 27 11
3 27 11
t 1322 7
m 5 11
1 27 12
2 27 12
3 27 12
t 1321 7
m 4 11
1 27 11
2 27 11
3 27 11
t 1320 7
m 3 11
1 27 12
2 27 12
3 27 12
t 1319 7
m 4 11
1 27 11
2 27 11
3 27 11
t 1318 7
m 4 11
1 27 12
2 27 12
3 27 12
t 1317 7
m 3 11
1 27 11
2 27 11
3 27 11
t 1316 7
m 4 11
1 27 12
2 27 12
3 27 12
t 1315 7
m 4 11
1 27 11
2 27 11
3 27 11
t 1314 7
m 4 11
1 27 12
2 27 12
3 27 12
t 1313 7
m 4 11
1 27 11
2 27 11
3 27 11
t 1312 7
m 5 11
1 27 12
2 27 12
3 27 12
t 1311 7
m 4 11
1 27 11
2 27 11
3 27 11
t 1310 7
m 3 11
1 27 12
2 27 12
3 27 12
t 1309 7
m 4 11
1 27 11
2 27 11
3 27 11
t 1308 7
m 5 11
1 27 12
2 27 12
3 27 12
t 1307 7
m 4 11
1 27 11
2 27 11
3 27 11
t 1306 7
m 3 11
1 27 12
2 27 12
3 27 12
t 1305 7
m 4 11
1 27 11
2 27 11
3 27 11
t 1304 7
m 4 11
1 27 12
2 27 12
3 27 12
t 1303 7
m 3 11
1 27 11
2 27 11
3 27 11
t 1302 7
m 4 11
1 27 12
2 27 12
3 27 12
t 1301 7
m 4 11
1 27 11
2 27 11
3 27 11
t 1300 7
m 3 11
1 27 12
2 27 12
3 27 12
t 1299 7
m 4 11
1 27 11
2 27 11
3 27 11
t 1298 7
m 4 11
1 27 12
2 27 12
3 27 12
t 1297 7
m 4 11
1 27 11
2 27 11
3 27 11
t 1296 7
m 4 11
1 27 12
2 27 12
3 27 12
t 1295 7
m 3 11
1 27 11
2 27 11
3 27 11
t 1294 7
m 4 11
1 27 12
2 27 12
3 27 12
t 1293 7
m 5 11
1 27 11
2 27 11
3 27 11
t 1292 7
m 6 11
1 27 12
2 27 12
3 27 12
t 1291 7
m 7 11
1 27 11
2 27 11
3 27 11
t 1290 7
m 7 12
1 27 12
2 27 12
3 27 12
t 1289 7
m 7 13
1 27 13
2 27 13
3 27 13
t 1288 8
m 7 14
1 27 14
2 27 14
3 27 14
t 1287 8
m 7 13
1 28 14
2 28 14
3 28 14
t 1286 8
m 7 14
1 27 14
2 27 14
3 27 14
t 1285 8
m 7 14
1 28 14
2 28 14
3 28 14
t 1284 8
m 6 14
1 27 14
2 27 14
3 27 14
t 1283 9
m 5 14
1 28 14
2 28 14
3 28 14
t 1282 9
m 5 14
1 27 14
2 27 14
3 27 14
t 1281 9
m 4 14
1 28 14
2 28 14
3 28 14
t 1280 9
m 3 14
1 27 14
2 27 14
3 27 14
t 1279 9
m 4 14
1 28 14
2 28 14
3 28 14
t 1278 9
m 4 14
1 27 14
2 27 14
3 27 14
t 1277 9
m 5 14
1 28 14
2 28 14
3 28 14
t 1276 9
m 4 14
1 27 14
2 27 14
3 27 14
t 1275 9
m 5 14
1 28 14
2 28 14
3 28 14
t 1274 9
m 6 14
1 27 14
2 27 14
3 27 14
t 1273 9
m 6 14
1 28 14
2 28 14
3 28 14
t 1272 9
m 5 14
1 27 14
2 27 14
3 27 14
t 1271 9
m 5 14
1 28 14
2 28 14
3 28 14
t 1270 9
m 4 14
1 27 14
2 27 14
3 27 14
t 1269 9
m 3 14
1 28 14
2 28 14
3 28 14
t 1268 9
m 3 13
1 27 14
2 27 14
3 27 14
t 1267 9
m 3 12
1 27 13
2 27 13
3 27 13
t 1266 9
m 3 11
1 27 12
2 27 12
3 27 12
t 1265 9
m 4 11
1 27 11
2 27 11
3 27 11
t 1264 9
m 4 11
1 27 12
2 27 12
3 27 12
t 1263 9
m 4 11
1 27 11
2 27 11
3 27 11
t 1262 9
m 4 11
1 27 12
2 27 12
3 27 12
t 1261 9
m 3 11
1 27 11
2 27 11
3 27 11
t 1260 9
m 4 11
1 27 12
2 27 12
3 27 12
t 1259 9
m 4 11
1 27 11
2 27 11
3 27 11
t 1258 9
m 4 11
1 27 12
2 27 12
3 27 12
t 1257 9
m 4 11
1 27 11
2 27 11
3 27 11
t 1256 9
m 4 11
1 27 12
2 27 12
3 27 12
t 1255 9
m 4 11
1 27 11
2 27 11
3 27 11
t 1254 9
m 4 11
1 27 12
2 27 12
3 27 12
t 1253 9
m 3 11
1 27 11
2 27 11
3 27 11
t 1252 9
m 4 11
1 27 12
2 27 12
3 27 12
t 1251 9
m 4 11
1 27 11
2 27 11
3 27 11
t 1250 9
m 4 11
1 27 12
2 27 12
3 27 12
t 1249 9
m 4 11
1 27 11
2 27 11
3 27 11
t 1248 9
m 4 11
1 27 12
2 27 12
3 27 12
t 1247 9
m 5 11
1 27 11
2 27 11
3 27 11
t 1246 9
m 4 11
1 27 12
2 27 12
3 27 12
t 1245 9
m 3 11
1 27 11
2 27 11
3 27 11
t 1244 9
m 4 11
1 27 12
2 27 12
3 27 12
t 1243 9
m 5 11
1 27 11
2 27 11
3 27 11
t 1242 9
m 4 11
1 27 12
2 27 12
3 27 12
t 1241 9
m 4 11
1 27 11
2 27 11
3 27 11
t 1240 9
m 4 11
1 27 12
2 27 12
3 27 12
t 1239 9
m 3 11
1 27 11
2 27 11
3 27 11
t 1238 9
m 4 11
1 27 12
2 27 12
3 27 12
t 1237 9
m 4 11
1 27 11
2 27 11
3 27 11
t 1236 9
m 4 11
1 27 12
2 27 12
3 27 12
t 1235 9
m 4 11
1 27 11
2 27 11
3 27 11
t 1234 9
m 3 11
1 27 12
2 27 12
3 27 12
t 1233 9
m 4 11
1 27 11
2 27 11
3 27 11
t 1232 9
m 4 11
1 27 12
2 27 12
3 27 12
t 1231 9
m 3 11
1 27 11
2 27 11
3 27 11
t 1230 9
m 4 11
1 27 12
2 27 12
3 27 12
t 1229 9
m 3 11
1 27 11
2 27 11
3 27 11
t 1228 9
m 4 11
1 27 12
2 27 12
3 27 12
t 1227 9
m 4 11
1 27 11
2 27 11
3 27 11
t 1226 9
m 4 11
1 27 12
2 27 12
3 27 12
t 1225 9
m 4 11
1 27 11
2 27 11
3 27 11
t 1224 9
m 4 11
1 27 12
2 27 12
3 27 12
t 1223 9
m 5 11
1 27 11
2 27 11
3 27 11
t 1222 9
m 4 11
1 27 12
2 27 12
3 27 12
t 1221 9
m 4 11
1 27 11
2 27 11
3 27 11
t 1220 9
m 4 11
1 27 12
2 27 12
3 27 12
t 1219 9
m 4 11
1 27 11
2 27 11
3 27 11
t 1218 9
m 4 11
1 27 12
2 27 12
3 27 12
t 1217 9
m 3 11
1 27 11
2 27 11
3 27 11
t 1216 9
m 4 11
1 27 12
2 27 12
3 27 12
t 1215 9
m 3 11
1 27 11
2 27 11
3 27 11
t 1214 9
m 3 11
1 27 12
2 27 12
3 27 12
t 1213 9
m 4 11
1 27 11
2 27 11
3 27 11
t 1212 9
m 3 11
1 27 12
2 27 12
3 27 12
t 1211 9
m 3 11
1 27 11
2 27 11
3 27 11
t 1210 9
m 4 11
1 27 12
2 27 12
3 27 12
t 1209 9
m 3 11
1 27 11
2 27 11
3 27 11
t 1208 9
m 3 12
1 27 12
2 27 12
3 27 12
t 1207 9
m 3 13
1 27 13
2 27 13
3 27 13
t 1206 9
m 3 13
1 27 14
2 27 14
3 27 14
t 1205 9
m 3 13
1 27 13
2 27 13
3 27 13
t 1204 9
m 3 12
1 27 14
2 27 14
3 27 14
t 1203 9
m 3 12
1 27 13
2 27 13
3 27 13
t 1202 9
m 3 13
1 27 12
2 27 12
3 27 12
t 1201 9
m 3 12
1 27 13
2 27 13
3 27 13
t 1200 9
m 3 11
1 27 12
2 27 12
3 27 12
t 1199 9
m 4 11
1 27 11
2 27 11
3 27 11
t 1198 9
m 5 11
1 27 12
2 27 12
3 27 12
t 1197 9
m 4 11
1 27 11
2 27 11
3 27 11
t 1196 9
m 4 11
1 27 12
2 27 12
3 27 12
t 1195 9
m 4 11
1 27 11
2 27 11
3 27 11
t 1194 9
m 5 11
1 27 12
2 27 12
3 27 12
t 1193 9
m 4 11
1 27 11
2 27 11
3 27 11
t 1192 9
m 3 11
1 27 12
2 27 12
3 27 12
t 1191 9
m 3 11
1 27 11
2 27 11
3 27 11
t 1190 9
m 4 11
1 27 12
2 27 12
3 27 12
t 1189 9
m 4 11
1 27 11
2 27 11
3 27 11
t 1188 9
m 5 11
1 27 12
2 27 12
3 27 12
t 1187 9
m 4 11
1 27 11
2 27 11
3 27 11
t 1186 9
m 4 11
1 27 12
2 27 12
3 27 12
t 1185 9
m 4 11
1 27 11
2 27 11
3 27 11
t 1184 9
m 4 11
1 27 12
2 27 12
3 27 12
t 1183 9
m 4 11
1 27 11
2 27 11
3 27 11
t 1182 9
m 4 11
1 27 12
2 27 12
3 27 12
t 1181 9
m 3 11
1 27 11
2 27 11
3 27 11
t 1180 9
m 4 11
1 27 12
2 27 12
3 27 12
t 1179 9
m 4 11
1 27 11
2 27 11
3 27 11
t 1178 9
m 3 11
1 27 12
2 27 12
3 27 12
t 1177 9
m 4 11
1 27 11
2 27 11
3 27 11
t 1176 9
m 4 11
1 27 12
2 27 12
3 27 12
t 1175 9
m 4 11
1 27 11
2 27 11
3 27 11
t 1174 9
m 4 11
1 27 12
2 27 12
3 27 12
t 1173 9
m 4 11
1 27 11
2 27 11
3 27 11
t 1172 9
m 4 11
1 27 12
2 27 12
3 27 12
t 1171 9
m 4 11
1 27 11
2 27 11
3 27 11
t 1170 9
m 4 11
1 27 12
2 27 12
3 27 12
t 1169 9
m 3 11
1 27 11
2 27 11
3 27 11
t 1168 9
m 4 11
1 27 12
2 27 12
3 27 12
t 1167 9
m 4 11
1 27 11
2 27 11
3 27 11
t 1166 9
m 4 11
1 27 12
2 27 12
3 27 12
t 1165 9
m 5 11
1 27 11
2 27 11
3 27 11
t 1164 9
m 6 11
1 27 12
2 27 12
3 27 12
t 1163 9
m 6 11
1 27 11
2 27 11
3 27 11
t 1162 9
m 7 11
1 27 12
2 27 12
3 27 12
t 1161 9
m 7 10
1 27 11
2 27 11
3 27 11
t 1160 9
m 7 9
1 27 10
2 27 10
3 27 10
t 1159 9
m 7 9
1 27 9
2 27 9
3 27 9
t 1158 9
m 7 9
1 27 10
2 27 10
3 27 10
t 1157 9
m 7 8
1 27 9
2 27 9
3 27 9
t 1156 9
m 7 9
1 27 8
2 27 8
3 27 8
t 1155 9
m 7 9
1 27 9
2 27 9
3 27 9
t 1154 9
m 7 8
1 27 10
2 27 10
3 27 10
t 1153 9
m 7 7
1 27 9
2 27 9
3 27 9
t 1152 9
m 7 7
1 27 8
2 27 8
3 27 8
t 1151 9
m 6 7
1 27 7
2 27 7
3 27 7
t 1150 9
m 5 7
1 27 8
2 27 8
3 27 8
t 1149 9
m 5 7
1 27 7
2 27 7
3 27 7
t 1148 9
m 5 7
1 27 8
2 27 8
3 27 8
t 1147 9
m 5 7
1 27 7
2 27 7
3 27 7
t 1146 9
m 4 7
1 27 8
2 27 8
3 27 8
t 1145 10
m 4 7
1 27 7
2 27 7
3 27 7
t 1144 10
m 5 7
1 27 8
2 27 8
3 27 8
t 1143 10
m 5 7
1 27 7
2 27 7
3 27 7
t 1142 10
m 5 8
1 27 8
2 27 8
3 27 8
t 1141 11
m 5 9
1 27 9
2 27 9
3 27 9
t 1140 11
m 5 9
1 27 10
2 27 10
3 27 10
t 1139 11
m 4 9
1 27 9
2 27 9
3 27 9
t 1138 12
m 3 9
1 27 10
2 27 10
3 27 10
t 1137 12
m 3 9
1 27 9
2 27 9
3 27 9
t 1136 12
m 2 9
1 27 10
2 27 10
3 27 10
t 1135 12
m 2 10
1 27 9
2 27 9
3 27 9
t 1134 12
m 2 10
1 27 10
2 27 10
3 27 10
t 1133 12
m 2 9
1 27 11
2 27 11
3 27 11
t 1132 12
m 2 9
1 27 10
2 27 10
3 27 10
t 1131 12
m 2 8
1 27 9
2 27 9
3 27 9
t 1130 12
m 2 8
1 27 8
2 27 8
3 27 8
t 1129 12
m 2 8
1 27 9
2 27 9
3 27 9
t 1128 12
m 2 7
1 27 8
2 27 8
3 27 8
t 1127 12
m 2 6
1 27 7
2 27 7
3 27 7
t 1126 13
m 2 5
1 27 6
2 27 6
3 27 6
t 1125 13
m 2 4
1 27 5
2 27 5
3 27 5
t 1124 13
m 2 4
1 27 4
2 27 4
3 27 4
t 1123 13
m 2 3
1 27 5
2 27 5
3 27 5
t 1122 14
m 2 4
1 27 4
2 27 4
3 27 4
t 1121 14
m 2 4
1 27 5
2 27 5
3 27 5
t 1120 14
m 2 4
1 27 4
2 27 4
3 27 4
t 1119 14
m 2 3
1 27 5
2 27 5
3 27 5
t 1118 14
m 1 3
1 27 4
2 27 4
3 27 4
t 1117 15
m 0 3
1 27 3
2 27 3
3 27 3
t 1116 15
m 0 2
1 27 4
2 27 4
3 27 4
t 1115 15
m 0 1
1 27 3
2 27 3
3 27 3
t 1114 16
m 0 1
1 27 2
2 27 2
3 27 2
t 1113 16
m 0 1
1 27 1
2 27 1
3 27 1
t 1112 16
m 0 2
1 27 2
2 27 2
3 27 2
t 1111 16
m 0 1
1 26 2
2 26 2
3 26 2
t 1110 16
m 0 1
1 25 2
2 25 2
3 25 2
t 1109 16
m 0 2
1 24 2
2 24 2
3 24 2
t 1108 16
m 0 1
1 25 2
2 25 2
3 25 2
t 1107 16
m 0 0
1 24 2
2 24 2
3 24 2
t 1106 16
m 0 1
1 24 1
2 24 1
3 24 1
t 1105 16
m 0 1
1 23 1
2 23 1
3 23 1
t 1104 16
m 0 0
1 22 1
2 22 1
3 22 1
t 1103 16
m 1 0
1 22 0
2 22 0
3 22 0
t 1102 16
m 2 0
1 21 0
2 21 0
3 21 0
t 1101 16
m 2 0
1 20 0
2 20 0
3 20 0
t 1100 16
m 1 0
1 19 0
2 19 0
3 19 0
t 1099 16
m 1 0
1 18 0
2 18 0
3 18 0
t 1098 16
m 2 0
1 17 0
2 17 0
3 17 0
t 1097 16
m 2 0
1 16 0
2 16 0
3 16 0
t 1096 16
m 2 0
1 15 0
2 15 0
3 15 0
t 1095 16
m 2 1
1 14 0
2 14 0
3 14 0
t 1094 17
m 2 2
1 13 0
2 13 0
3 13 0
t 1093 17
m 2 3
1 12 0
2 12 0
3 12 0
t 1092 17
m 1 3
1 12 1
2 12 1
3 12 1
t 1091 17
m 2 3
1 12 2
2 12 2
3 12 2
t 1090 17
m 2 2
1 12 3
2 12 3
3 12 3
t 1089 17
m 3 2
1 12 2
2 12 2
3 12 2
t 1088 18
m 4 2
1 12 3
2 12 3
3 12 3
t 1087 18
m 4 1
1 12 2
2 12 2
3 12 2
t 1086 18
m 4 0
1 12 1
2 12 1
3 12 1
t 1085 18
m 4 0
1 12 0
2 12 0
3 12 0
t 1084 18
m 3 0
1 12 1
2 12 1
3 12 1
t 1083 19
m 2 0
1 12 0
2 12 0
3 12 0
t 1082 19
m 2 0
1 12 1
2 12 1
3 12 1
t 1081 19
m 1 0
1 12 0
2 12 0
3 12 0
t 1080 19
m 0 0
1 12 1
2 12 1
3 12 1
t 1079 19
m 0 0
1 12 0
2 12 0
3 12 0
t 1078 19
m 1 0
1 12 1
2 12 1
3 12 1
t 1077 19
m 2 0
1 12 0
2 12 0
3 12 0
t 1076 19
m 3 0
1 12 1
2 12 1
3 12 1
t 1075 19
m 3 0
1 12 0
2 12 0
3 12 0
t 1074 19
m 4 0
1 12 1
2 12 1
3 12 1
t 1073 19
m 4 0
1 12 0
2 12 0
3 12 0
t 1072 19
m 5 0
1 12 1
2 12 1
3 12 1
t 1071 20
m 6 0
1 12 0
2 12 0
3 12 0
t 1070 20
m 7 0
1 12 1
2 12 1
3 12 1
t 1069 21
m 7 0
1 12 0
2 12 0
3 12 0
t 1068 21
m 8 0
1 12 1
2 12 1
3 12 1
t 1067 21
m 8 0
1 12 0
2 12 0
3 12 0
t 1066 21
m 8 0
1 12 1
2 12 1
3 12 1
t 1065 21
m 8 0
1 12 0
2 12 0
3 12 0
t 1064 21
m 8 0
1 12 1
2 12 1
3 12 1
t 1063 21
m 7 0
1 12 0
2 12 0
3 12 0
t 1062 21
m 7 0
1 12 1
2 12 1
3 12 1
t 1061 21
m 8 0
1 12 0
2 12 0
3 12 0
t 1060 21
m 8 0
1 12 1
2 12 1
3 12 1
t 1059 21
m 8 0
1 12 0
2 12 0
3 12 0
t 1058 21
m 8 0
1 12 1
2 12 1
3 12 1
t 1057 21
m 8 0
1 12 0
2 12 0
3 12 0
t 1056 21
m 8 0
1 12 1
2 12 1
3 12 1
t 1055 21
m 8 0
1 12 0
2 12 0
3 12 0
t 1054 21
m 8 0
1 12 1
2 12 1
3 12 1
t 1053 21
m 8 0
1 12 0
2 12 0
3 12 0
t 1052 21
m 8 0
1 12 1
2 12 1
3 12 1
t 1051 21
m 9 0
1 12 0
2 12 0
3 12 0
t 1050 21
m 8 0
1 12 1
2 12 1
3 12 1
t 1049 21
m 9 0
1 12 0
2 12 0
3 12 0
t 1048 21
m 9 0
1 12 1
2 12 1
3 12 1
t 1047 21
m 9 0
1 12 0
2 12 0
3 12 0
t 1046 21
m 9 0
1 12 1
2 12 1
3 12 1
t 1045 21
m 9 0
1 12 0
2 12 0
3 12 0
t 1044 21
m 9 0
1 12 1
2 12 1
3 12 1
t 1043 21
m 9 0
1 12 0
2 12 0
3 12 0
t 1042 21
m 9 0
1 12 1
2 12 1
3 12 1
t 1041 21
m 8 0
1 12 0
2 12 0
3 12 0
t 1040 21
m 9 0
1 12 1
2 12 1
3 12 1
t 1039 21
m 9 0
1 12 0
2 12 0
3 12 0
t 1038 21
m 9 0
1 12 1
2 12 1
3 12 1
t 1037 21
m 9 0
1 12 0
2 12 0
3 12 0
t 1036 21
m 9 0
1 12 1
2 12 1
3 12 1
t 1035 21
m 9 0
1 12 0
2 12 0
3 12 0
t 1034 21
m 9 0
1 12 1
2 12 1
3 12 1
t 1033 21
m 9 0
1 12 0
2 12 0
3 12 0
t 1032 21
m 9 0
1 12 1
2 12 1
3 12 1
t 1031 21
m 9 0
1 12 0
2 12 0
3 12 0
t 1030 21
m 9 0
1 12 1
2 12 1
3 12 1
t 1029 21
m 9 0
1 12 0
2 12 0
3 12 0
t 1028 21
m 9 0
1 12 1
2 12 1
3 12 1
t 1027 21
m 9 0
1 12 0
2 12 0
3 12 0
t 1026 21
m 9 0
1 12 1
2 12 1
3 12 1
t 1025 21
m 8 0
1 12 0
2 12 0
3 12 0
t 1024 21
m 9 0
1 12 1
2 12 1
3 12 1
t 1023 21
m 9 0
1 12 0
2 12 0
3 12 0
t 1022 21
m 9 0
1 12 1
2 12 1
3 12 1
t 1021 21
m 9 0
1 12 0
2 12 0
3 12 0
t 1020 21
m 9 0
1 12 1
2 12 1
3 12 1
t 1019 21
m 9 0
1 12 0
2 12 0
3 12 0
t 1018 21
m 9 0
1 12 1
2 12 1
3 12 1
t 1017 21
m 9 0
1 12 0
2 12 0
3 12 0
t 1016 21
m 9 0
1 12 1
2 12 1
3 12 1
t 1015 21
m 9 0
1 12 0
2 12 0
3 12 0
t 1014 21
m 9 0
1 12 1
2 12 1
3 12 1
t 1013 21
m 9 0
1 12 0
2 12 0
3 12 0
t 1012 21
m 9 0
1 12 1
2 12 1
3 12 1
t 1011 21
m 9 0
1 12 0
2 12 0
3 12 0
t 1010 21
m 9 0
1 12 1
2 12 1
3 12 1
t 1009 21
m 9 0
1 12 0
2 12 0
3 12 0
t 1008 21
m 9 0
1 12 1
2 12 1
3 12 1
t 1007 21
m 9 0
1 12 0
2 12 0
3 12 0
t 1006 21
m 9 0
1 12 1
2 12 1
3 12 1
t 1005 21
m 9 0
1 12 0
2 12 0
3 12 0
t 1004 21
m 9 0
1 12 1
2 12 1
3 12 1
t 1003 21
m 9 0
1 12 0
2 12 0
3 12 0
t 1002 21
m 9 0
1 12 1
2 12 1
3 12 1
t 1001 21
m 9 0
1 12 0
2 12 0
3 12 0
t 1000 21
m 9 0
1 12 1
2 12 1
3 12 1
t 999 21
m 9 0
1 12 0
2 12 0
3 12 0
t 998 21
m 9 0
1 12 1
2 12 1
3 12 1
t 997 21
m 9 0
1 12 0
2 12 0
3 12 0
t 996 21
m 9 0
1 12 1
2 12 1
3 12 1
t 995 21
m 8 0
1 12 0
2 12 0
3 12 0
t 994 21
m 9 0
1 12 1
2 12 1
3 12 1
t 993 21
m 9 0
1 12 0
2 12 0
3 12 0
t 992 21
m 9 0
1 12 1
2 12 1
3 12 1
t 991 21
m 9 0
1 12 0
2 12 0
3 12 0
t 990 21
m 9 0
1 12 1
2 12 1
3 12 1
t 989 21
m 9 0
1 12 0
2 12 0
3 12 0
t 988 21
m 9 0
1 12 1
2 12 1
3 12 1
t 987 21
m 9 0
1 12 0
2 12 0
3 12 0
t 986 21
m 9 0
1 12 1
2 12 1
3 12 1
t 985 21
m 9 0
1 12 0
2 12 0
3 12 0
t 984 21
m 9 0
1 12 1
2 12 1
3 12 1
t 983 21
m 9 0
1 12 0
2 12 0
3 12 0
t 982 21
m 9 0
1 12 1
2 12 1
3 12 1
t 981 21
m 9 0
1 12 0
2 12 0
3 12 0
t 980 21
m 9 0
1 12 1
2 12 1
3 12 1
t 979 21
m 9 0
1 12 0
2 12 0
3 12 0
t 978 21
m 9 0
1 12 1
2 12 1
3 12 1
t 977 21
m 9 0
1 12 0
2 12 0
3 12 0
t 976 21
m 9 0
1 12 1
2 12 1
3 12 1
t 975 21
m 8 0
1 12 0
2 12 0
3 12 0
t 974 21
m 9 0
1 12 1
2 12 1
3 12 1
t 973 21
m 9 0
1 12 0
2 12 0
3 12 0
t 972 21
m 9 0
1 12 1
2 12 1
3 12 1
t 971 21
m 9 0
1 12 0
2 12 0
3 12 0
t 970 21
m 9 0
1 12 1
2 12 1
3 12 1
t 969 21
m 9 0
1 12 0
2 12 0
3 12 0
t 968 21
m 9 0
1 12 1
2 12 1
3 12 1
t 967 21
m 9 0
1 12 0
2 12 0
3 12 0
t 966 21
m 9 0
1 12 1
2 12 1
3 12 1
t 965 21
m 9 0
1 12 0
2 12 0
3 12 0
t 964 21
m 9 0
1 12 1
2 12 1
3 12 1
t 963 21
m 9 0
1 12 0
2 12 0
3 12 0
t 962 21
m 9 0
1 12 1
2 12 1
3 12 1
t 961 21
m 9 0
1 12 0
2 12 0
3 12 0
t 960 21
m 9 0
1 12 1
2 12 1
3 12 1
t 959 21
m 8 0
1 12 0
2 12 0
3 12 0
t 958 21
m 9 0
1 12 1
2 12 1
3 12 1
t 957 21
m 9 0
1 12 0
2 12 0
3 12 0
t 956 21
m 9 0
1 12 1
2 12 1
3 12 1
t 955 21
m 9 0
1 12 0
2 12 0
3 12 0
t 954 21
m 8 0
1 12 1
2 12 1
3 12 1
t 953 21
m 9 0
1 12 0
2 12 0
3 12 0
t 952 21
m 9 0
1 12 1
2 12 1
3 12 1
t 951 21
m 9 0
1 12 0
2 12 0
3 12 0
t 950 21
m 9 0
1 12 1
2 12 1
3 12 1
t 949 21
m 9 0
1 12 0
2 12 0
3 12 0
t 948 21
m 9 0
1 12 1
2 12 1
3 12 1
t 947 21
m 9 0
1 12 0
2 12 0
3 12 0
t 946 21
m 9 0
1 12 1
2 12 1
3 12 1
t 945 21
m 9 0
1 12 0
2 12 0
3 12 0
t 944 21
m 9 0
1 12 1
2 12 1
3 12 1
t 943 21
m 9 0
1 12 0
2 12 0
3 12 0
t 942 21
m 9 0
1 12 1
2 12 1
3 12 1
t 941 21
m 9 0
1 12 0
2 12 0
3 12 0
t 940 21
m 9 0
1 12 1
2 12 1
3 12 1
t 939 21
m 9 0
1 12 0
2 12 0
3 12 0
t 938 21
m 9 0
1 12 1
2 12 1
3 12 1
t 937 21
m 9 0
1 12 0
2 12 0
3 12 0
t 936 21
m 9 0
1 12 1
2 12 1
3 12 1
t 935 21
m 9 0
1 12 0
2 12 0
3 12 0
t 934 21
m 9 0
1 12 1
2 12 1
3 12 1
t 933 21
m 9 0
1 12 0
2 12 0
3 12 0
t 932 21
m 9 0
1 12 1
2 12 1
3 12 1
t 931 21
m 9 0
1 12 0
2 12 0
3 12 0
t 930 21
m 9 0
1 12 1
2 12 1
3 12 1
t 929 21
m 9 0
1 12 0
2 12 0
3 12 0
t 928 21
m 9 0
1 12 1
2 12 1
3 12 1
t 927 21
m 9 0
1 12 0
2 12 0
3 12 0
t 926 21
m 8 0
1 12 1
2 12 1
3 12 1
t 925 21
m 9 0
1 12 0
2 12 0
3 12 0
t 924 21
m 9 0
1 12 1
2 12 1
3 12 1
t 923 21
m 9 0
1 12 0
2 12 0
3 12 0
t 922 21
m 9 0
1 12 1
2 12 1
3 12 1
t 921 21
m 9 0
1 12 0
2 12 0
3 12 0
t 920 21
m 9 0
1 12 1
2 12 1
3 12 1
t 919 21
m 9 0
1 12 0
2 12 0
3 12 0
t 918 21
m 9 0
1 12 1
2 12 1
3 12 1
t 917 21
m 9 0
1 12 0
2 12 0
3 12 0
t 916 21
m 9 0
1 12 1
2 12 1
3 12 1
t 915 21
m 9 0
1 12 0
2 12 0
3 12 0
t 914 21
m 9 0
1 12 1
2 12 1
3 12 1
t 913 21
m 9 0
1 12 0
2 12 0
3 12 0
t 912 21
m 9 0
1 12 1
2 12 1
3 12 1
t 911 21
m 9 0
1 12 0
2 12 0
3 12 0
t 910 21
m 9 0
1 12 1
2 12 1
3 12 1
t 909 21
m 9 0
1 12 0
2 12 0
3 12 0
t 908 21
m 9 0
1 12 1
2 12 1
3 12 1
t 907 21
m 9 0
1 12 0
2 12 0
3 12 0
t 906 21
m 9 0
1 12 1
2 12 1
3 12 1
t 905 21
m 9 0
1 12 0
2 12 0
3 12 0
t 904 21
m 9 0
1 12 1
2 12 1
3 12 1
t 903 21
m 9 0
1 12 0
2 12 0
3 12 0
t 902 21
m 9 0
1 12 1
2 12 1
3 12 1
t 901 21
m 8 0
1 12 0
2 12 0
3 12 0
t 900 21
m 9 0
1 12 1
2 12 1
3 12 1
t 899 21
m 9 0
1 12 0
2 12 0
3 12 0
t 898 21
m 9 0
1 12 1
2 12 1
3 12 1
t 897 21
m 9 0
1 12 0
2 12 0
3 12 0
t 896 21
m 9 0
1 12 1
2 12 1
3 12 1
t 895 21
m 8 0
1 12 0
2 12 0
3 12 0
t 894 21
m 9 0
1 12 1
2 12 1
3 12 1
t 893 21
m 9 0
1 12 0
2 12 0
3 12 0
t 892 21
m 9 0
1 12 1
2 12 1
3 12 1
t 891 21
m 9 0
1 12 0
2 12 0
3 12 0
t 890 21
m 9 0
1 12 1
2 12 1
3 12 1
t 889 21
m 9 0
1 12 0
2 12 0
3 12 0
t 888 21
m 9 0
1 12 1
2 12 1
3 12 1
t 887 21
m 9 0
1 12 0
2 12 0
3 12 0
t 886 21
m 9 0
1 12 1
2 12 1
3 12 1
t 885 21
m 9 0
1 12 0
2 12 0
3 12 0
t 884 21
m 9 0
1 12 1
2 12 1
3 12 1
t 883 21
m 9 0
1 12 0
2 12 0
3 12 0
t 882 21
m 9 0
1 12 1
2 12 1
3 12 1
t 881 21
m 9 0
1 12 0
2 12 0
3 12 0
t 880 21
m 9 0
1 12 1
2 12 1
3 12 1
t 879 21
m 8 0
1 12 0
2 12 0
3 12 0
t 878 21
m 9 0
1 12 1
2 12 1
3 12 1
t 877 21
m 9 0
1 12 0
2 12 0
3 12 0
t 876 21
m 9 0
1 12 1
2 12 1
3 12 1
t 875 21
m 9 0
1 12 0
2 12 0
3 12 0
t 874 21
m 9 0
1 12 1
2 12 1
3 12 1
t 873 21
m 9 0
1 12 0
2 12 0
3 12 0
t 872 21
m 9 0
1 12 1
2 12 1
3 12 1
t 871 21
m 9 0
1 12 0
2 12 0
3 12 0
t 870 21
m 9 0
1 12 1
2 12 1
3 12 1
t 869 21
m 9 0
1 12 0
2 12 0
3 12 0
t 868 21
m 8 0
1 12 1
2 12 1
3 12 1
t 867 21
m 9 0
1 12 0
2 12 0
3 12 0
t 866 21
m 9 0
1 12 1
2 12 1
3 12 1
t 865 21
m 9 0
1 12 0
2 12 0
3 12 0
t 864 21
m 9 0
1 12 1
2 12 1
3 12 1
t 863 21
m 9 0
1 12 0
2 12 0
3 12 0
t 862 21
m 9 0
1 12 1
2 12 1
3 12 1
t 861 21
m 9 0
1 12 0
2 12 0
3 12 0
t 860 21
m 9 0
1 12 1
2 12 1
3 12 1
t 859 21
m 9 0
1 12 0
2 12 0
3 12 0
t 858 21
m 9 0
1 12 1
2 12 1
3 12 1
t 857 21
m 9 0
1 12 0
2 12 0
3 12 0
t 856 21
m 9 0
1 12 1
2 12 1
3 12 1
t 855 21
m 9 0
1 12 0
2 12 0
3 12 0
t 854 21
m 8 0
1 12 1
2 12 1
3 12 1
t 853 21
m 9 0
1 12 0
2 12 0
3 12 0
t 852 21
m 9 0
1 12 1
2 12 1
3 12 1
t 851 21
m 8 0
1 12 0
2 12 0
3 12 0
t 850 21
m 9 0
1 12 1
2 12 1
3 12 1
t 849 21
m 9 0
1 12 0
2 12 0
3 12 0
t 848 21
m 9 0
1 12 1
2 12 1
3 12 1
t 847 21
m 9 0
1 12 0
2 12 0
3 12 0
t 846 21
m 9 0
1 12 1
2 12 1
3 12 1
t 845 21
m 9 0
1 12 0
2 12 0
3 12 0
t 844 21
m 9 0
1 12 1
2 12 1
3 12 1
t 843 21
m 9 0
1 12 0
2 12 0
3 12 0
t 842 21
m 9 0
1 12 1
2 12 1
3 12 1
t 841 21
m 9 0
1 12 0
2 12 0
3 12 0
t 840 21
m 9 0
1 12 1
2 12 1
3 12 1
t 839 21
m 9 0
1 12 0
2 12 0
3 12 0
t 838 21
m 9 0
1 12 1
2 12 1
3 12 1
t 837 21
m 9 0
1 12 0
2 12 0
3 12 0
t 836 21
m 9 0
1 12 1
2 12 1
3 12 1
t 835 21
m 9 0
1 12 0
2 12 0
3 12 0
t 834 21
m 9 0
1 12 1
2 12 1
3 12 1
t 833 21
m 9 0
1 12 0
2 12 0
3 12 0
t 832 21
m 8 0
1 12 1
2 12 1
3 12 1
t 831 21
m 9 0
1 12 0
2 12 0
3 12 0
t 830 21
m 9 0
1 12 1
2 12 1
3 12 1
t 829 21
m 9 0
1 12 0
2 12 0
3 12 0
t 828 21
m 9 0
1 12 1
2 12 1
3 12 1
t 827 21
m 9 0
1 12 0
2 12 0
3 12 0
t 826 21
m 9 0
1 12 1
2 12 1
3 12 1
t 825 21
m 9 0
1 12 0
2 12 0
3 12 0
t 824 21
m 9 0
1 12 1
2 12 1
3 12 1
t 823 21
m 9 0
1 12 0
2 12 0
3 12 0
t 822 21
m 9 0
1 12 1
2 12 1
3 12 1
t 821 21
m 9 0
1 12 0
2 12 0
3 12 0
t 820 21
m 9 0
1 12 1
2 12 1
3 12 1
t 819 21
m 9 0
1 12 0
2 12 0
3 12 0
t 818 21
m 9 0
1 12 1
2 12 1
3 12 1
t 817 21
m 9 0
1 12 0
2 12 0
3 12 0
t 816 21
m 9 0
1 12 1
2 12 1
3 12 1
t 815 21
m 9 0
1 12 0
2 12 0
3 12 0
t 814 21
m 9 0
1 12 1
2 12 1
3 12 1
t 813 21
m 8 0
1 12 0
2 12 0
3 12 0
t 812 21
m 9 0
1 12 1
2 12 1
3 12 1
t 811 21
m 9 0
1 12 0
2 12 0
3 12 0
t 810 21
m 9 0
1 12 1
2 12 1
3 12 1
t 809 21
m 8 0
1 12 0
2 12 0
3 12 0
t 808 21
m 9 0
1 12 1
2 12 1
3 12 1
t 807 21
m 9 0
1 12 0
2 12 0
3 12 0
t 806 21
m 8 0
1 12 1
2 12 1
3 12 1
t 805 21
m 7 0
1 12 0
2 12 0
3 12 0
t 804 21
m 7 1
1 12 1
2 12 1
3 12 1
t 803 21
m 7 2
1 11 1
2 11 1
3 11 1
t 802 21
m 7 3
1 10 1
2 10 1
3 10 1
t 801 22
m 7 4
1 10 2
2 10 2
3 10 2
t 800 23
m 7 5
1 9 2
2 9 2
3 9 2
t 799 24
m 7 6
1 8 2
2 8 2
3 8 2
t 798 24
m 8 6
1 7 2
2 7 2
3 7 2
t 797 25
m 8 6
1 7 3
2 7 3
3 7 3
t 796 25
m 9 6
1 7 4
2 7 4
3 7 4
t 795 25
m 10 6
1 7 5
2 7 5
3 7 5
t 794 26
m 11 6
1 7 6
2 7 6
3 7 6
t 793 27
m 12 6
1 8 6
2 8 6
3 8 6
t 792 28
m 12 7
1 9 6
2 9 6
3 9 6
t 791 28
m 12 8
1 10 6
2 10 6
3 10 6
t 790 28
m 12 9
1 11 6
2 11 6
3 11 6
t 789 28
m 12 10
1 12 6
2 12 6
3 12 6
t 788 28
m 12 11
1 12 7
2 12 7
3 12 7
t 787 28
m 13 11
1 12 8
2 12 8
3 12 8
t 786 29
m 14 11
1 12 9
2 12 9
3 12 9
t 785 29
m 15 11
1 12 10
2 12 10
3 12 10
t 784 30
m 16 11
1 12 11
2 12 11
3 12 11
t 783 30
m 17 11
1 13 11
2 13 11
3 13 11
t 782 30
m 18 11
1 14 11
2 14 11
3 14 11
t 781 30
m 19 11
1 15 11
2 15 11
3 15 11
t 780 31
m 20 11
1 16 11
2 16 11
3 16 11
t 779 31
m 21 11
1 17 11
2 17 11
3 17 11
t 778 31
m 22 11
1 18 11
2 18 11
3 18 11
t 777 32
m 22 10
1 19 11
2 19 11
3 19 11
t 776 33
m 22 9
1 20 11
2 20 11
3 20 11
t 775 33
m 22 8
1 21 11
2 21 11
3 21 11
t 774 33
m 22 7
1 22 11
2 22 11
3 22 11
t 773 33
m 22 6
1 22 10
2 22 10
3 22 10
t 772 33
m 22 5
1 22 9
2 22 9
3 22 9
t 771 33
m 22 4
1 22 8
2 22 8
3 22 8
t 770 34
m 22 3
1 22 7
2 22 7
3 22 7
t 769 34
m 22 2
1 22 6
2 22 6
3 22 6
t 768 35
m 22 1
1 22 5
2 22 5
3 22 5
t 767 35
m 22 0
1 22 4
2 22 4
3 22 4
t 766 36
m 21 0
1 22 3
2 22 3
3 22 3
t 765 36
m 20 0
1 22 2
2 22 2
3 22 2
t 764 36
m 19 0
1 22 1
2 22 1
3 22 1
t 763 36
m 18 0
1 22 0
2 22 0
3 22 0
t 762 37
m 18 1
1 21 0
2 21 0
3 21 0
t 761 37
m 18 2
1 20 0
2 20 0
3 20 0
t 760 37
m 17 2
1 19 0
2 19 0
3 19 0
t 759 38
m 16 2
1 18 0
2 18 0
3 18 0
t 758 39
m 16 3
1 18 1
2 18 1
3 18 1
t 757 40
m 15 3
1 18 2
2 18 2
3 18 2
t 756 40
m 14 3
1 18 3
2 18 3
3 18 3
t 755 40
m 14 3
1 18 4
2 18 4
3 18 4
t 754 40
m 14 3
1 18 3
2 18 3
3 18 3
t 753 40
m 13 3
1 18 4
2 18 4
3 18 4
t 752 41
m 12 3
1 18 3
2 18 3
3 18 3
t 751 42
m 12 2
1 18 4
2 18 4
3 18 4
t 750 42
m 12 2
1 18 3
2 18 3
3 18 3
t 749 42
m 12 2
1 18 2
2 18 2
3 18 2
t 748 42
m 12 1
1 17 2
2 17 2
3 17 2
t 747 43
m 11 1
1 16 2
2 16 2
3 16 2
t 746 43
m 10 1
1 16 1
2 16 1
3 16 1
t 745 44
m 10 2
1 16 2
2 16 2
3 16 2
t 744 44
m 10 1
1 16 3
2 16 3
3 16 3
t 743 44
m 10 0
1 16 2
2 16 2
3 16 2
t 742 45
m 9 0
1 16 1
2 16 1
3 16 1
t 741 45
m 8 0
1 16 0
2 16 0
3 16 0
t 740 45
m 8 0
1 15 0
2 15 0
3 15 0
t 739 45
m 7 0
1 14 0
2 14 0
3 14 0
t 738 45
m 7 1
1 13 0
2 13 0
3 13 0
t 737 45
m 7 2
1 12 0
2 12 0
3 12 0
t 736 45
m 8 2
1 12 1
2 12 1
3 12 1
t 735 46
m 8 2
1 12 2
2 12 2
3 12 2
t 734 46
m 8 2
1 12 3
2 12 3
3 12 3
t 733 46
m 8 2
1 12 2
2 12 2
3 12 2
t 732 46
m 8 2
1 12 3
2 12 3
3 12 3
t 731 46
m 8 2
1 12 2
2 12 2
3 12 2
t 730 46
m 7 2
1 12 3
2 12 3
3 12 3
t 729 46
m 8 2
1 12 2
2 12 2
3 12 2
t 728 46
m 8 2
1 12 3
2 12 3
3 12 3
t 727 46
m 8 2
1 12 2
2 12 2
3 12 2
t 726 46
m 8 2
1 12 3
2 12 3
3 12 3
t 725 46
m 8 2
1 12 2
2 12 2
3 12 2
t 724 46
m 8 2
1 12 3
2 12 3
3 12 3
t 723 46
m 8 2
1 12 2
2 12 2
3 12 2
t 722 46
m 8 2
1 12 3
2 12 3
3 12 3
t 721 46
m 7 2
1 12 2
2 12 2
3 12 2
t 720 46
m 7 2
1 12 3
2 12 3
3 12 3
t 719 46
m 8 2
1 12 2
2 12 2
3 12 2
t 718 46
m 8 2
1 12 3
2 12 3
3 12 3
t 717 46
m 9 2
1 12 2
2 12 2
3 12 2
t 716 46
m 8 2
1 12 3
2 12 3
3 12 3
t 715 46
m 7 2
1 12 2
2 12 2
3 12 2
t 714 46
m 7 3
1 12 3
2 12 3
3 12 3
t 713 46
m 7 3
1 12 4
2 12 4
3 12 4
t 712 46
m 7 4
1 12 3
2 12 3
3 12 3
t 711 46
m 7 4
1 12 4
2 12 4
3 12 4
t 710 46
m 7 3
1 12 5
2 12 5
3 12 5
t 709 46
m 7 3
1 12 4
2 12 4
3 12 4
t 708 46
m 7 2
1 12 3
2 12 3
3 12 3
t 707 46
m 7 3
1 12 2
2 12 2
3 12 2
t 706 46
m 7 3
1 12 3
2 12 3
3 12 3
t 705 46
m 7 4
1 12 4
2 12 4
3 12 4
t 704 46
m 7 5
1 12 5
2 12 5
3 12 5
t 703 46
m 7 4
1 12 6
2 12 6
3 12 6
t 702 46
m 7 3
1 12 5
2 12 5
3 12 5
t 701 46
m 7 3
1 12 4
2 12 4
3 12 4
t 700 46
m 7 3
1 12 3
2 12 3
3 12 3
t 699 46
m 7 4
1 12 4
2 12 4
3 12 4
t 698 46
m 7 3
1 12 5
2 12 5
3 12 5
t 697 46
m 7 2
1 12 4
2 12 4
3 12 4
t 696 46
m 7 3
1 12 3
2 12 3
3 12 3
t 695 46
m 7 2
1 12 4
2 12 4
3 12 4
t 694 46
m 7 3
1 12 3
2 12 3
3 12 3
t 693 46
m 7 4
1 12 4
2 12 4
3 12 4
t 692 46
m 7 5
1 12 5
2 12 5
3 12 5
t 691 46
m 6 5
1 12 6
2 12 6
3 12 6
t 690 46
m 5 5
1 12 5
2 12 5
3 12 5
t 689 46
m 4 5
1 12 6
2 12 6
3 12 6
t 688 46
m 4 4
1 12 5
2 12 5
3 12 5
t 687 47
m 4 3
1 12 4
2 12 4
3 12 4
t 686 48
m 4 4
1 12 3
2 12 3
3 12 3
t 685 48
m 3 4
1 12 4
2 12 4
3 12 4
t 684 49
m 2 4
1 12 5
2 12 5
3 12 5
t 683 49
m 2 4
1 12 4
2 12 4
3 12 4
t 682 49
m 2 4
1 12 5
2 12 5
3 12 5
t 681 49
m 2 3
1 12 4
2 12 4
3 12 4
t 680 49
m 2 2
1 12 3
2 12 3
3 12 3
t 679 49
m 2 1
1 12 2
2 12 2
3 12 2
t 678 49
m 2 0
1 12 1
2 12 1
3 12 1
t 677 49
m 3 0
1 12 0
2 12 0
3 12 0
t 676 49
m 2 0
1 12 1
2 12 1
3 12 1
t 675 49
m 2 0
1 12 0
2 12 0
3 12 0
t 674 49
m 2 1
1 12 1
2 12 1
3 12 1
t 673 49
m 2 2
1 11 1
2 11 1
3 11 1
t 672 49
m 2 3
1 10 1
2 10 1
3 10 1
t 671 49
m 2 3
1 10 2
2 10 2
3 10 2
t 670 49
m 1 3
1 9 2
2 9 2
3 9 2
t 669 49
m 1 3
1 8 2
2 8 2
3 8 2
t 668 49
m 1 3
1 7 2
2 7 2
3 7 2
t 667 49
m 1 3
1 7 3
2 7 3
3 7 3
t 666 49
m 0 3
1 7 4
2 7 4
3 7 4
t 665 49
m 1 3
1 7 3
2 7 3
3 7 3
t 664 49
m 0 3
1 7 4
2 7 4
3 7 4
t 663 49
m 0 2
1 7 3
2 7 3
3 7 3
t 662 49
m 0 1
1 7 2
2 7 2
3 7 2
t 661 49
m 0 2
1 7 1
2 7 1
3 7 1
t 660 49
m 0 3
1 7 2
2 7 2
3 7 2
t 659 49
m 0 3
1 7 3
2 7 3
3 7 3
t 658 49
m 0 4
1 7 4
2 7 4
3 7 4
t 657 49
m 0 5
1 7 5
2 7 5
3 7 5
t 656 49
m 0 6
1 6 5
2 6 5
3 6 5
t 655 49
m 0 7
1 5 5
2 5 5
3 5 5
t 654 49
m 0 8
1 4 5
2 4 5
3 4 5
t 653 49
m 0 8
1 4 6
2 4 6
3 4 6
t 652 49
m 0 9
1 4 7
2 4 7
3 4 7
t 651 50
m 0 10
1 3 7
2 3 7
3 3 7
t 650 50
m 0 11
1 2 7
2 2 7
3 2 7
t 649 50
m 0 11
1 2 8
2 2 8
3 2 8
t 648 50
m 0 12
1 2 9
2 2 9
3 2 9
t 647 50
m 0 12
1 2 10
2 2 10
3 2 10
t 646 50
m 0 13
1 1 10
2 1 10
3 1 10
t 645 50
m 0 13
1 0 10
2 0 10
3 0 10
t 644 50
m 0 14
1 0 11
2 0 11
3 0 11
t 643 50
m 1 14
1 0 12
2 0 12
3 0 12
t 642 50
m 2 14
1 0 13
2 0 13
3 0 13
t 641 50
m 2 15
1 0 14
2 0 14
3 0 14
t 640 50
m 2 16
1 0 15
2 0 15
3 0 15
t 639 50
m 2 17
1 0 16
2 0 16
3 0 16
t 638 50
m 2 18
1 0 17
2 0 17
3 0 17
t 637 50
m 2 19
1 0 18
2 0 18
3 0 18
t 636 50
m 2 19
1 0 19
2 0 19
3 0 19
t 635 50
m 2 18
1 1 19
2 1 19
3 1 19
t 634 50
m 2 17
1 2 19
2 2 19
3 2 19
t 633 50
m 2 16
1 2 18
2 2 18
3 2 18
t 632 50
m 2 15
1 2 17
2 2 17
3 2 17
t 631 50
m 2 14
1 2 16
2 2 16
3 2 16
t 630 50
m 1 14
1 2 15
2 2 15
3 2 15
t 629 50
m 0 14
1 2 14
2 2 14
3 2 14
t 628 50
m 0 15
1 1 14
2 1 14
3 1 14
t 627 50
m 0 16
1 0 14
2 0 14
3 0 14
t 626 50
m 0 17
1 0 15
2 0 15
3 0 15
t 625 50
m 1 17
1 0 16
2 0 16
3 0 16
t 624 50
m 2 17
1 0 17
2 0 17
3 0 17
t 623 50
m 2 16
1 1 17
2 1 17
3 1 17
t 622 50
m 2 15
1 2 17
2 2 17
3 2 17
t 621 50
m 2 14
1 2 16
2 2 16
3 2 16
t 620 50
m 1 14
1 2 15
2 2 15
3 2 15
t 619 50
m 0 14
1 2 14
2 2 14
3 2 14
t 618 50
m 0 13
1 1 14
2 1 14
3 1 14
t 617 50
m 0 12
1 0 14
2 0 14
3 0 14
t 616 50
m 0 11
1 0 13
2 0 13
3 0 13
t 615 50
m 0 10
1 0 12
2 0 12
3 0 12
t 614 50
m 1 10
1 0 11
2 0 11
3 0 11
t 613 50
m 2 10
1 0 10
2 0 10
3 0 10
t 612 50
m 2 9
1 1 10
2 1 10
3 1 10
t 611 50
m 2 8
1 2 10
2 2 10
3 2 10
t 610 50
m 2 7
1 2 9
2 2 9
3 2 9
t 609 50
m 3 7
1 2 8
2 2 8
3 2 8
t 608 50
m 4 7
1 2 7
2 2 7
3 2 7
t 607 50
m 5 7
1 3 7
2 3 7
3 3 7
t 606 50
m 6 7
1 4 7
2 4 7
3 4 7
t 605 50
m 7 7
1 5 7
2 5 7
3 5 7
t 604 50
m 7 8
1 6 7
2 6 7
3 6 7
t 603 50
m 7 9
1 7 7
2 7 7
3 7 7
t 602 50
m 7 10
1 7 8
2 7 8
3 7 8
t 601 50
m 7 11
1 7 9
2 7 9
3 7 9
t 600 50
m 7 12
1 7 10
2 7 10
3 7 10
t 599 50
m 7 13
1 7 11
2 7 11
3 7 11
t 598 50
m 7 14
1 7 12
2 7 12
3 7 12
t 597 50
m 6 14
1 7 13
2 7 13
3 7 13
t 596 50
m 5 14
1 7 14
2 7 14
3 7 14
t 595 50
m 4 14
1 6 14
2 6 14
3 6 14
t 594 50
m 3 14
1 5 14
2 5 14
3 5 14
t 593 50
m 3 13
1 4 14
2 4 14
3 4 14
t 592 50
m 3 12
1 3 14
2 3 14
3 3 14
t 591 50
m 3 11
1 3 13
2 3 13
3 3 13
t 590 50
m 4 11
1 3 12
2 3 12
3 3 12
t 589 50
m 5 11
1 3 11
2 3 11
3 3 11
t 588 50
m 6 11
1 4 11
2 4 11
3 4 11
t 587 50
m 7 11
1 5 11
2 5 11
3 5 11
t 586 50
m 7 10
1 6 11
2 6 11
3 6 11
t 585 50
m 7 9
1 7 11
2 7 11
3 7 11
t 584 50
m 7 8
1 7 10
2 7 10
3 7 10
t 583 50
m 7 7
1 7 9
2 7 9
3 7 9
t 582 50
m 7 6
1 7 8
2 7 8
3 7 8
t 581 50
m 7 5
1 7 7
2 7 7
3 7 7
t 580 50
m 7 4
1 7 6
2 7 6
3 7 6
t 579 50
m 7 3
1 7 5
2 7 5
3 7 5
t 578 50
m 7 2
1 7 4
2 7 4
3 7 4
t 577 50
m 8 2
1 7 3
2 7 3
3 7 3
t 576 50
m 9 2
1 7 2
2 7 2
3 7 2
t 575 50
m 10 2
1 8 2
2 8 2
3 8 2
t 574 50
m 10 1
1 9 2
2 9 2
3 9 2
t 573 50
m 11 1
1 10 2
2 10 2
3 10 2
t 572 50
m 12 1
1 10 1
2 10 1
3 10 1
t 571 50
m 12 0
1 11 1
2 11 1
3 11 1
t 570 51
m 13 0
1 12 1
2 12 1
3 12 1
t 569 52
m 14 0
1 12 0
2 12 0
3 12 0
t 568 52
m 15 0
1 13 0
2 13 0
3 13 0
t 567 53
m 16 0
1 14 0
2 14 0
3 14 0
t 566 53
m 16 1
1 15 0
2 15 0
3 15 0
t 565 54
m 16 2
1 16 0
2 16 0
3 16 0
t 564 54
m 16 3
1 16 1
2 16 1
3 16 1
t 563 54
m 16 4
1 16 2
2 16 2
3 16 2
t 562 54
m 16 5
1 16 3
2 16 3
3 16 3
t 561 54
m 16 6
1 16 4
2 16 4
3 16 4
t 560 55
m 16 7
1 16 5
2 16 5
3 16 5
t 559 56
m 17 7
1 16 6
2 16 6
3 16 6
t 558 56
m 18 7
1 16 7
2 16 7
3 16 7
t 557 56
m 18 6
1 17 7
2 17 7
3 17 7
t 556 56
m 18 5
1 18 7
2 18 7
3 18 7
t 555 57
m 18 4
1 18 6
2 18 6
3 18 6
t 554 57
m 18 3
1 18 5
2 18 5
3 18 5
t 553 58
m 19 3
1 18 4
2 18 4
3 18 4
t 552 59
m 20 3
1 18 3
2 18 3
3 18 3
t 551 59
m 21 3
1 19 3
2 19 3
3 19 3
t 550 60
m 22 3
1 20 3
2 20 3
3 20 3
t 549 60
m 22 2
1 21 3
2 21 3
3 21 3
t 548 60
m 22 1
1 22 3
2 22 3
3 22 3
t 547 60
m 23 1
1 22 2
2 22 2
3 22 2
t 546 60
m 24 1
1 22 1
2 22 1
3 22 1
t 545 60
m 24 2
1 23 1
2 23 1
3 23 1
t 544 61
m 25 2
1 24 1
2 24 1
3 24 1
t 543 62
m 26 2
1 24 2
2 24 2
3 24 2
t 542 62
m 27 2
1 25 2
2 25 2
3 25 2
t 541 62
m 27 3
1 26 2
2 26 2
3 26 2
t 540 62
m 27 4
1 27 2
2 27 2
3 27 2
t 539 63
m 27 5
1 27 3
2 27 3
3 27 3
t 538 63
m 27 6
1 27 4
2 27 4
3 27 4
t 537 63
m 27 7
1 27 5
2 27 5
3 27 5
t 536 64
m 28 7
1 27 6
2 27 6
3 27 6
t 535 65
m 29 7
1 27 7
2 27 7
3 27 7
t 534 65
m 30 7
1 28 7
2 28 7
3 28 7
t 533 65
m 31 7
1 29 7
2 29 7
3 29 7
t 532 65
m 32 7
1 30 7
2 30 7
3 30 7
t 531 66
m 32 8
1 31 7
2 31 7
3 31 7
t 530 67
m 32 9
1 32 7
2 32 7
3 32 7
t 529 68
m 32 10
1 32 8
2 32 8
3 32 8
t 528 68
m 33 10
1 32 9
2 32 9
3 32 9
t 527 69
m 34 10
1 32 10
2 32 10
3 32 10
t 526 70
m 34 9
1 33 10
2 33 10
3 33 10
t 525 71
m 34 8
1 34 10
2 34 10
3 34 10
t 524 71
m 34 7
1 34 9
2 34 9
3 34 9
t 523 71
m 34 6
1 34 8
2 34 8
3 34 8
t 522 71
m 34 5
1 34 7
2 34 7
3 34 7
t 521 72
m 33 5
1 34 6
2 34 6
3 34 6
t 520 73
m 32 5
1 34 5
2 34 5
3 34 5
t 519 73
m 32 4
1 33 5
2 33 5
3 33 5
t 518 74
m 31 4
1 32 5
2 32 5
3 32 5
t 517 74
m 30 4
1 32 4
2 32 4
3 32 4
t 516 75
m 30 3
1 31 4
2 31 4
3 31 4
t 515 75
m 30 2
1 30 4
2 30 4
3 30 4
t 514 75
m 31 2
1 30 3
2 30 3
3 30 3
t 513 76
m 32 2
1 30 2
2 30 2
3 30 2
t 512 76
m 32 1
1 31 2
2 31 2
3 31 2
t 511 76
m 32 0
1 32 2
2 32 2
3 32 2
t 510 77
m 31 0
1 32 1
2 32 1
3 32 1
t 509 78
m 30 0
1 32 0
2 32 0
3 32 0
t 508 78
m 29 0
1 31 0
2 31 0
3 31 0
t 507 78
m 28 0
1 30 0
2 30 0
3 30 0
t 506 78
m 27 0
1 29 0
2 29 0
3 29 0
t 505 78
m 27 1
1 28 0
2 28 0
3 28 0
t 504 78
m 27 2
1 27 0
2 27 0
3 27 0
t 503 78
m 27 3
1 27 1
2 27 1
3 27 1
t 502 78
m 27 4
1 27 2
2 27 2
3 27 2
t 501 78
m 27 5
1 27 3
2 27 3
3 27 3
t 500 78
m 28 5
1 27 4
2 27 4
3 27 4
t 499 79
m 29 5
1 27 5
2 27 5
3 27 5
t 498 79
m 30 5
1 28 5
2 28 5
3 28 5
t 497 80
m 30 4
1 29 5
2 29 5
3 29 5
t 496 80
m 30 3
1 30 5
2 30 5
3 30 5
t 495 80
m 30 3
1 30 4
2 30 4
3 30 4
t 494 80
m 30 2
1 30 5
2 30 5
3 30 5
t 493 80
m 31 2
1 30 4
2 30 4
3 30 4
t 492 80
m 32 2
1 31 4
2 31 4
3 31 4
t 491 80
m 32 2
1 32 4
2 32 4
3 32 4
t 490 80
m 32 1
1 32 3
2 32 3
3 32 3
t 489 80
m 32 0
1 32 2
2 32 2
3 32 2
t 488 80
m 33 0
1 32 1
2 32 1
3 32 1
t 487 81
m 34 0
1 32 0
2 32 0
3 32 0
t 486 81
m 34 1
1 33 0
2 33 0
3 33 0
t 485 81
m 34 2
1 34 0
2 34 0
3 34 0
t 484 81
m 34 3
1 34 1
2 34 1
3 34 1
t 483 81
m 33 3
1 34 2
2 34 2
3 34 2
t 482 82
m 32 3
1 34 3
2 34 3
3 34 3
t 481 83
m 32 4
1 33 3
2 33 3
3 33 3
t 480 83
m 32 5
1 32 3
2 32 3
3 32 3
t 479 83
m 32 6
1 32 4
2 32 4
3 32 4
t 478 83
m 32 7
1 32 5
2 32 5
3 32 5
t 477 83
m 32 8
1 32 6
2 32 6
3 32 6
t 476 83
m 32 9
1 32 7
2 32 7
3 32 7
t 475 83
m 31 9
1 32 8
2 32 8
3 32 8
t 474 84
m 30 9
1 32 9
2 32 9
3 32 9
t 473 84
m 29 9
1 31 9
2 31 9
3 31 9
t 472 84
m 29 8
1 30 9
2 30 9
3 30 9
t 471 84
m 29 7
1 29 9
2 29 9
3 29 9
t 470 84
m 30 7
1 29 8
2 29 8
3 29 8
t 469 84
m 31 7
1 29 7
2 29 7
3 29 7
t 468 84
m 31 7
1 30 7
2 30 7
3 30 7
t 467 84
m 32 7
1 31 7
2 31 7
3 31 7
t 466 84
m 32 8
1 32 7
2 32 7
3 32 7
t 465 84
m 32 9
1 32 8
2 32 8
3 32 8
t 464 84
m 31 9
1 32 9
2 32 9
3 32 9
t 463 84
m 30 9
1 32 10
2 32 10
3 32 10
t 462 84
m 29 9
1 32 9
2 32 9
3 32 9
t 461 84
m 29 9
1 31 9
2 31 9
3 31 9
t 460 84
m 29 8
1 30 9
2 30 9
3 30 9
t 459 84
m 29 7
1 29 9
2 29 9
3 29 9
t 458 84
m 30 7
1 29 8
2 29 8
3 29 8
t 457 84
m 31 7
1 29 7
2 29 7
3 29 7
t 456 84
m 32 7
1 30 7
2 30 7
3 30 7
t 455 84
m 32 8
1 31 7
2 31 7
3 31 7
t 454 84
m 32 9
1 32 7
2 32 7
3 32 7
t 453 84
m 32 10
1 32 8
2 32 8
3 32 8
t 452 84
m 33 10
1 32 9
2 32 9
3 32 9
t 451 84
m 34 10
1 32 10
2 32 10
3 32 10
t 450 84
m 34 11
1 33 10
2 33 10
3 33 10
t 449 84
m 34 12
1 34 10
2 34 10
3 34 10
t 448 84
m 34 13
1 34 11
2 34 11
3 34 11
t 447 84
m 34 14
1 34 12
2 34 12
3 34 12
t 446 84
m 34 15
1 34 13
2 34 13
3 34 13
t 445 85
m 34 16
1 34 14
2 34 14
3 34 14
t 444 85
m 34 17
1 34 15
2 34 15
3 34 15
t 443 85
m 33 17
1 34 16
2 34 16
3 34 16
t 442 85
m 32 17
1 34 17
2 34 17
3 34 17
t 441 86
m 32 18
1 33 17
2 33 17
3 33 17
t 440 87
m 32 19
1 32 17
2 32 17
3 32 17
t 439 87
m 33 19
1 32 18
2 32 18
3 32 18
t 438 87
m 34 19
1 32 19
2 32 19
3 32 19
t 437 87
m 34 18
1 33 19
2 33 19
3 33 19
t 436 88
m 34 17
1 34 19
2 34 19
3 34 19
t 435 88
m 34 16
1 34 18
2 34 18
3 34 18
t 434 88
m 34 15
1 34 17
2 34 17
3 34 17
t 433 88
m 34 14
1 34 16
2 34 16
3 34 16
t 432 88
m 33 14
1 34 15
2 34 15
3 34 15
t 431 88
m 32 14
1 34 14
2 34 14
3 34 14
t 430 88
m 32 15
1 33 14
2 33 14
3 33 14
t 429 89
m 32 16
1 32 14
2 32 14
3 32 14
t 428 90
m 32 17
1 32 15
2 32 15
3 32 15
t 427 90
m 32 18
1 32 16
2 32 16
3 32 16
t 426 90
m 32 19
1 32 17
2 32 17
3 32 17
t 425 90
m 33 19
1 32 18
2 32 18
3 32 18
t 424 90
m 34 19
1 32 19
2 32 19
3 32 19
t 423 90
m 34 18
1 33 19
2 33 19
3 33 19
t 422 90
m 34 17
1 34 19
2 34 19
3 34 19
t 421 90
m 34 16
1 34 18
2 34 18
3 34 18
t 420 90
m 34 15
1 34 17
2 34 17
3 34 17
t 419 90
m 34 14
1 34 16
2 34 16
3 34 16
t 418 90
m 33 14
1 34 15
2 34 15
3 34 15
t 417 90
m 32 14
1 34 14
2 34 14
3 34 14
t 416 90
m 31 14
1 33 14
2 33 14
3 33 14
t 415 90
m 31 13
1 32 14
2 32 14
3 32 14
t 414 91
m 31 12
1 31 14
2 31 14
3 31 14
t 413 92
m 31 11
1 31 13
2 31 13
3 31 13
t 412 92
m 30 11
1 31 12
2 31 12
3 31 12
t 411 93
m 29 11
1 31 11
2 31 11
3 31 11
t 410 93
m 28 11
1 30 11
2 30 11
3 30 11
t 409 93
m 27 11
1 29 11
2 29 11
3 29 11
t 408 93
m 27 12
1 28 11
2 28 11
3 28 11
t 407 93
m 27 13
1 27 11
2 27 11
3 27 11
t 406 94
m 27 14
1 27 12
2 27 12
3 27 12
t 405 94
m 28 14
1 27 13
2 27 13
3 27 13
t 404 94
m 29 14
1 27 14
2 27 14
3 27 14
t 403 95
m 30 14
1 28 14
2 28 14
3 28 14
t 402 95
m 31 14
1 29 14
2 29 14
3 29 14
t 401 95
m 31 13
1 30 14
2 30 14
3 30 14
t 400 95
m 31 12
1 31 14
2 31 14
3 31 14
t 399 95
m 31 11
1 31 13
2 31 13
3 31 13
t 398 95
m 30 11
1 31 12
2 31 12
3 31 12
t 397 95
m 29 11
1 31 11
2 31 11
3 31 11
t 396 95
m 28 11
1 30 11
2 30 11
3 30 11
t 395 95
m 27 11
1 29 11
2 29 11
3 29 11
t 394 95
m 27 10
1 28 11
2 28 11
3 28 11
t 393 96
m 27 9
1 27 11
2 27 11
3 27 11
t 392 96
m 27 8
1 27 10
2 27 10
3 27 10
t 391 96
m 27 7
1 27 9
2 27 9
3 27 9
t 390 96
m 27 6
1 27 8
2 27 8
3 27 8
t 389 96
m 26 6
1 27 7
2 27 7
3 27 7
t 388 96
m 25 6
1 27 6
2 27 6
3 27 6
t 387 96
m 24 6
1 26 6
2 26 6
3 26 6
t 386 96
m 23 6
1 25 6
2 25 6
3 25 6
t 385 96
m 22 6
1 24 6
2 24 6
3 24 6
t 384 96
m 22 7
1 23 6
2 23 6
3 23 6
t 383 96
m 21 7
1 22 6
2 22 6
3 22 6
t 382 97
m 20 7
1 22 7
2 22 7
3 22 7
t 381 97
m 19 7
1 21 7
2 21 7
3 21 7
t 380 98
m 18 7
1 20 7
2 20 7
3 20 7
t 379 98
m 17 7
1 19 7
2 19 7
3 19 7
t 378 98
m 16 7
1 18 7
2 18 7
3 18 7
t 377 98
m 15 7
1 17 7
2 17 7
3 17 7
t 376 99
m 14 7
1 16 7
2 16 7
3 16 7
t 375 99
m 13 7
1 15 7
2 15 7
3 15 7
t 374 99
m 12 7
1 14 7
2 14 7
3 14 7
t 373 99
m 12 6
1 13 7
2 13 7
3 13 7
t 372 99
m 12 5
1 12 7
2 12 7
3 12 7
t 371 99
m 12 4
1 12 6
2 12 6
3 12 6
t 370 126