35
20
m 0 19
1 34 0
2 34 0
3 34 0
w 7 19
w 27 19
w 1 18
w 2 18
w 4 18
w 5 18
w 7 18
w 9 18
w 10 18
w 11 18
w 13 18
w 14 18
w 15 18
w 16 18
w 18 18
w 19 18
w 20 18
w 21 18
w 23 18
w 24 18
w 25 18
w 27 18
w 29 18
w 30 18
w 32 18
w 33 18
w 1 17
w 2 17
w 4 17
w 5 17
w 7 17
w 9 17
w 10 17
w 11 17
w 13 17
w 14 17
w 15 17
w 16 17
w 18 17
w 19 17
w 20 17
w 21 17
w 23 17
w 24 17
w 25 17
w 27 17
w 29 17
w 30 17
w 32 17
w 33 17
w 1 16
w 2 16
w 9 16
w 10 16
w 11 16
w 13 16
w 14 16
w 15 16
w 16 16
w 18 16
w 19 16
w 20 16
w 21 16
w 23 16
w 24 16
w 25 16
w 32 16
w 33 16
w 4 15
w 6 15
w 7 15
w 9 15
w 10 15
w 11 15
w 13 15
w 14 15
w 15 15
w 16 15
w 18 15
w 19 15
w 20 15
w 21 15
w 23 15
w 24 15
w 25 15
w 27 15
w 28 15
w 30 15
w 1 14
w 2 14
w 3 14
w 4 14
w 9 14
w 10 14
w 11 14
w 23 14
w 24 14
w 25 14
w 30 14
w 31 14
w 32 14
w 33 14
w 1 13
w 2 13
w 3 13
w 4 13
w 6 13
w 7 13
w 8 13
w 9 13
w 10 13
w 11 13
w 13 13
w 14 13
w 15 13
w 16 13
w 17 13
w 18 13
w 19 13
w 20 13
w 21 13
w 23 13
w 24 13
w 25 13
w 26 13
w 27 13
w 28 13
w 30 13
w 31 13
w 32 13
w 33 13
w 1 12
w 2 12
w 3 12
w 4 12
w 6 12
w 7 12
w 8 12
w 9 12
w 10 12
w 11 12
w 13 12
w 14 12
w 15 12
w 16 12
w 17 12
w 18 12
w 19 12
w 20 12
w 21 12
w 23 12
w 24 12
w 25 12
w 26 12
w 27 12
w 28 12
w 30 12
w 31 12
w 32 12
w 33 12
w 1 11
w 2 11
w 3 11
w 4 11
w 6 11
w 7 11
w 8 11
w 9 11
w 10 11
w 11 11
w 13 11
w 14 11
w 15 11
w 16 11
w 17 11
w 18 11
w 19 11
w 20 11
w 21 11
w 23 11
w 24 11
w 25 11
w 26 11
w 27 11
w 28 11
w 30 11
w 31 11
w 32 11
w 33 11
w 6 10
w 7 10
w 8 10
w 9 10
w 10 10
w 11 10
w 13 10
w 14 10
w 15 10
w 16 10
w 17 10
w 18 10
w 19 10
w 20 10
w 21 10
w 23 10
w 24 10
w 25 10
w 26 10
w 27 10
w 28 10
w 1 9
w 2 9
w 4 9
w 5 9
w 6 9
w 7 9
w 8 9
w 9 9
w 10 9
w 11 9
w 13 9
w 14 9
w 15 9
w 16 9
w 17 9
w 18 9
w 19 9
w 20 9
w 21 9
w 23 9
w 24 9
w 25 9
w 26 9
w 27 9
w 28 9
w 29 9
w 30 9
w 32 9
w 33 9
w 8 8
w 9 8
w 10 8
w 11 8
w 13 8
w 14 8
w 20 8
w 21 8
w 23 8
w 24 8
w 25 8
w 26 8
w 1 7
w 2 7
w 3 7
w 4 7
w 5 7
w 6 7
w 8 7
w 9 7
w 10 7
w 11 7
w 13 7
w 14 7
w 16 7
w 17 7
w 18 7
w 20 7
w 21 7
w 23 7
w 24 7
w 25 7
w 26 7
w 28 7
w 29 7
w 30 7
w 31 7
w 32 7
w 33 7
w 1 6
w 2 6
w 3 6
w 4 6
w 5 6
w 6 6
w 8 6
w 9 6
w 10 6
w 11 6
w 13 6
w 14 6
w 16 6
w 17 6
w 18 6
w 20 6
w 21 6
w 23 6
w 24 6
w 25 6
w 26 6
w 28 6
w 29 6
w 30 6
w 31 6
w 32 6
w 33 6
w 1 5
w 2 5
w 3 5
w 4 5
w 5 5
w 6 5
w 8 5
w 9 5
w 10 5
w 11 5
w 23 5
w 24 5
w 25 5
w 26 5
w 28 5
w 29 5
w 30 5
w 31 5
w 32 5
w 33 5
w 1 4
w 2 4
w 3 4
w 4 4
w 5 4
w 6 4
w 13 4
w 14 4
w 15 4
w 16 4
w 17 4
w 18 4
w 19 4
w 20 4
w 21 4
w 28 4
w 29 4
w 30 4
w 31 4
w 32 4
w 33 4
w 4 3
w 5 3
w 6 3
w 7 3
w 8 3
w 9 3
w 10 3
w 11 3
w 13 3
w 14 3
w 15 3
w 16 3
w 17 3
w 18 3
w 19 3
w 20 3
w 21 3
w 23 3
w 24 3
w 25 3
w 26 3
w 27 3
w 28 3
w 29 3
w 30 3
w 1 2
w 2 2
w 4 2
w 5 2
w 6 2
w 7 2
w 8 2
w 13 2
w 14 2
w 15 2
w 16 2
w 17 2
w 18 2
w 19 2
w 20 2
w 21 2
w 26 2
w 27 2
w 28 2
w 29 2
w 30 2
w 32 2
w 33 2
w 1 1
w 2 1
w 4 1
w 5 1
w 6 1
w 7 1
w 8 1
w 10 1
w 11 1
w 13 1
w 14 1
w 15 1
w 16 1
w 17 1
w 18 1
w 19 1
w 20 1
w 21 1
w 23 1
w 24 1
w 26 1
w 27 1
w 28 1
w 29 1
w 30 1
w 32 1
w 33 1
w 13 0
w 14 0
w 15 0
w 16 0
w 17 0
w 18 0
w 19 0
w 20 0
w 21 0
p 2 19
p 3 19
p 8 19
p 9 19
p 10 19
p 11 19
p 12 19
p 13 19
p 14 19
p 20 19
p 22 19
p 23 19
p 24 19
p 33 19
p 34 19
p 8 18
p 22 18
p 28 18
p 31 18
p 0 17
p 6 17
p 12 17
p 17 17
p 22 17
p 31 17
p 34 17
p 6 16
p 8 16
p 22 16
p 27 16
p 29 16
p 31 16
p 34 16
p 0 15
p 2 15
p 3 15
p 5 15
p 12 15
p 17 15
p 32 15
p 5 14
p 12 14
p 16 14
p 17 14
p 19 14
p 21 14
p 22 14
p 26 14
p 27 14
p 28 14
p 29 14
p 0 13
p 5 13
p 29 13
p 22 12
p 29 12
p 0 11
p 12 11
p 22 11
p 34 11
p 1 10
p 4 10
p 5 10
p 12 10
p 22 10
p 31 10
p 0 9
p 3 9
p 12 9
p 31 9
p 34 9
p 2 8
p 3 8
p 7 8
p 12 8
p 16 8
p 17 8
p 18 8
p 27 8
p 31 8
p 32 8
p 0 7
p 12 7
p 22 7
p 27 7
p 34 7
p 7 6
p 12 6
p 19 6
p 22 6
p 27 6
p 34 6
p 7 5
p 13 5
p 16 5
p 18 5
p 27 5
p 34 5
p 7 4
p 8 4
p 24 4
p 27 4
p 2 3
p 12 3
p 22 3
p 31 3
p 33 3
p 34 3
p 3 2
p 10 2
p 11 2
p 22 2
p 31 2
p 34 2
p 34 1
p 0 0
p 1 0
p 3 0
p 6 0
p 8 0
p 10 0
p 23 0
p 27 0
p 31 0
p 34 0
t 1400 0
m 1 19
1 34 1
2 34 1
3 34 1
t 1399 0
m 2 19
1 34 2
2 34 2
3 34 2
t 1398 0
m 3 19
1 34 3
2 34 3
3 34 3
t 1397 1
m 4 19
1 34 4
2 34 4
3 34 4
t 1396 1
m 5 19
1 34 5
2 34 5
3 34 5
t 1395 1
m 5 19
1 34 6
2 34 6
3 34 6
t 1394 1
m 6 19
1 34 7
2 34 7
3 34 7
t 1393 1
m 6 18
1 34 8
2 34 8
3 34 8
t 1392 1
m 6 17
1 34 9
2 34 9
3 34 9
t 1391 2
m 6 16
1 34 10
2 34 10
3 34 10
t 1390 3
m 7 16
1 34 11
2 34 11
3 34 11
t 1389 3
m 8 16
1 34 12
2 34 12
3 34 12
t 1388 4
m 8 17
1 34 13
2 34 13
3 34 13
t 1387 4
m 8 18
1 34 14
2 34 14
3 34 14
t 1386 4
m 8 19
1 34 15
2 34 15
3 34 15
t 1385 5
m 9 19
1 34 16
2 34 16
3 34 16
t 1384 6
m 10 19
1 34 17
2 34 17
3 34 17
t 1383 7
m 11 19
1 34 18
2 34 18
3 34 18
t 1382 8
m 12 19
1 34 19
2 34 19
3 34 19
t 1381 8
m 13 19
1 33 19
2 33 19
3 33 19
t 1380 9
m 14 19
1 32 19
2 32 19
3 32 19
t 1379 10
m 13 19
1 31 19
2 31 19
3 31 19
t 1378 10
m 12 19
1 30 19
2 30 19
3 30 19
t 1377 10
m 12 18
1 29 19
2 29 19
3 29 19
t 1376 10
m 12 17
1 28 19
2 28 19
3 28 19
t 1375 11
m 12 16
1 28 18
2 28 18
3 28 18
t 1374 11
m 12 15
1 28 17
2 28 17
3 28 17
t 1373 12
m 12 14
1 28 16
2 28 16
3 28 16
t 1372 12
m 12 13
1 27 16
2 27 16
3 27 16
t 1371 12
m 12 13
1 26 16
2 26 16
3 26 16
t 1370 12
m 12 12
1 26 15
2 26 15
3 26 15
t 1369 12
m 12 11
1 26 14
2 26 14
3 26 14
t 1368 13
m 12 10
1 26 15
2 26 15
3 26 15
t 1367 14
m 12 9
1 26 14
2 26 14
3 26 14
t 1366 15
m 12 10
1 26 15
2 26 15
3 26 15
t 1365 15
m 12 11
1 26 14
2 26 14
3 26 14
t 1364 15
m 12 10
1 26 15
2 26 15
3 26 15
t 1363 15
m 12 10
1 26 14
2 26 14
3 26 14
t 1362 15
m 12 11
1 26 15
2 26 15
3 26 15
t 1361 15
m 12 11
1 26 14
2 26 14
3 26 14
t 1360 15
m 12 10
1 26 15
2 26 15
3 26 15
t 1359 15
m 12 9
1 26 14
2 26 14
3 26 14
t 1358 15
m 12 8
1 26 15
2 26 15
3 26 15
t 1357 16
m 12 7
1 26 14
2 26 14
3 26 14
t 1356 16
m 12 6
1 26 15
2 26 15
3 26 15
t 1355 17
m 12 6
1 26 14
2 26 14
3 26 14
t 1354 17
m 12 5
1 26 15
2 26 15
3 26 15
t 1353 17
m 13 5
1 26 14
2 26 14
3 26 14
t 1352 18
m 12 5
1 26 15
2 26 15
3 26 15
t 1351 18
m 12 4
1 26 14
2 26 14
3 26 14
t 1350 18
m 12 3
1 26 15
2 26 15
3 26 15
t 1349 19
m 12 2
1 26 14
2 26 14
3 26 14
t 1348 19
m 11 2
1 26 15
2 26 15
3 26 15
t 1347 20
m 10 2
1 26 14
2 26 14
3 26 14
t 1346 20
m 9 2
1 26 15
2 26 15
3 26 15
t 1345 20
m 9 2
1 26 14
2 26 14
3 26 14
t 1344 20
m 9 1
1 26 15
2 26 15
3 26 15
t 1343 20
m 9 0
1 26 14
2 26 14
3 26 14
t 1342 20
m 8 0
1 26 15
2 26 15
3 26 15
t 1341 21
m 9 0
1 26 14
2 26 14
3 26 14
t 1340 21
m 10 0
1 26 15
2 26 15
3 26 15
t 1339 22
m 11 0
1 26 14
2 26 14
3 26 14
t 1338 22
m 10 0
1 26 15
2 26 15
3 26 15
t 1337 22
m 10 0
1 26 14
2 26 14
3 26 14
t 1336 22
m 9 0
1 26 15
2 26 15
3 26 15
t 1335 22
m 9 0
1 26 14
2 26 14
3 26 14
t 1334 22
m 8 0
1 26 15
2 26 15
3 26 15
t 1333 22
m 8 0
1 26 14
2 26 14
3 26 14
t 1332 22
m 9 0
1 26 15
2 26 15
3 26 15
t 1331 22
m 8 0
1 26 14
2 26 14
3 26 14
t 1330 22
m 7 0
1 26 15
2 26 15
3 26 15
t 1329 22
m 6 0
1 26 14
2 26 14
3 26 14
t 1328 23
m 5 0
1 26 15
2 26 15
3 26 15
t 1327 23
m 4 0
1 26 14
2 26 14
3 26 14
t 1326 23
m 3 0
1 26 15
2 26 15
3 26 15
t 1325 24
m 2 0
1 26 14
2 26 14
3 26 14
t 1324 24
m 1 0
1 26 15
2 26 15
3 26 15
t 1323 24
m 0 0
1 26 14
2 26 14
3 26 14
t 1322 25
m 1 0
1 26 15
2 26 15
3 26 15
t 1321 25
m 2 0
1 26 14
2 26 14
3 26 14
t 1320 25
m 3 0
1 26 15
2 26 15
3 26 15
t 1319 25
m 3 0
1 26 14
2 26 14
3 26 14
t 1318 25
m 3 1
1 26 15
2 26 15
3 26 15
t 1317 25
m 3 2
1 26 14
2 26 14
3 26 14
t 1316 26
m 3 3
1 26 15
2 26 15
3 26 15
t 1315 26
m 2 3
1 26 14
2 26 14
3 26 14
t 1314 27
m 1 3
1 26 15
2 26 15
3 26 15
t 1313 27
m 2 3
1 26 14
2 26 14
3 26 14
t 1312 27
m 1 3
1 26 15
2 26 15
3 26 15
t 1311 27
m 0 3
1 26 14
2 26 14
3 26 14
t 1310 27
m 0 4
1 26 15
2 26 15
3 26 15
t 1309 27
m 0 5
1 26 14
2 26 14
3 26 14
t 1308 27
m 0 6
1 26 15
2 26 15
3 26 15
t 1307 27
m 0 7
1 26 14
2 26 14
3 26 14
t 1306 28
m 0 7
1 26 15
2 26 15
3 26 15
t 1305 28
m 0 8
1 26 14
2 26 14
3 26 14
t 1304 28
m 0 9
1 26 15
2 26 15
3 26 15
t 1303 28
m 0 9
1 26 14
2 26 14
3 26 14
t 1302 28
m 0 10
1 26 15
2 26 15
3 26 15
t 1301 28
m 1 10
1 26 14
2 26 14
3 26 14
t 1300 29
m 0 10
1 26 15
2 26 15
3 26 15
t 1299 29
m 0 11
1 26 14
2 26 14
3 26 14
t 1298 30
m 0 11
1 26 15
2 26 15
3 26 15
t 1297 30
m 0 12
1 26 14
2 26 14
3 26 14
t 1296 30
m 0 13
1 26 15
2 26 15
3 26 15
t 1295 31
m 0 13
1 26 14
2 26 14
3 26 14
t 1294 31
m 0 14
1 26 15
2 26 15
3 26 15
t 1293 31
m 0 15
1 26 14
2 26 14
3 26 14
t 1292 32
m 0 14
1 26 15
2 26 15
3 26 15
t 1291 32
m 0 15
1 26 14
2 26 14
3 26 14
t 1290 32
m 1 15
1 26 15
2 26 15
3 26 15
t 1289 32
m 2 15
1 26 16
2 26 16
3 26 16
t 1288 32
m 3 15
1 26 15
2 26 15
3 26 15
t 1287 33
m 2 15
1 26 16
2 26 16
3 26 16
t 1286 33
m 3 15
1 26 15
2 26 15
3 26 15
t 1285 33
m 2 15
1 26 16
2 26 16
3 26 16
t 1284 33
m 3 15
1 26 15
2 26 15
3 26 15
t 1283 33
m 3 15
1 26 16
2 26 16
3 26 16
t 1282 33
m 3 15
1 26 15
2 26 15
3 26 15
t 1281 33
m 3 15
1 26 16
2 26 16
3 26 16
t 1280 33
m 3 15
1 26 15
2 26 15
3 26 15
t 1279 33
m 3 16
1 26 16
2 26 16
3 26 16
t 1278 33
m 3 16
1 26 17
2 26 17
3 26 17
t 1277 33
m 4 16
1 26 16
2 26 16
3 26 16
t 1276 33
m 5 16
1 26 17
2 26 17
3 26 17
t 1275 33
m 5 15
1 26 16
2 26 16
3 26 16
t 1274 34
m 5 14
1 26 15
2 26 15
3 26 15
t 1273 35
m 5 13
1 26 14
2 26 14
3 26 14
t 1272 36
m 5 12
1 26 15
2 26 15
3 26 15
t 1271 36
m 5 12
1 26 14
2 26 14
3 26 14
t 1270 36
m 5 12
1 26 15
2 26 15
3 26 15
t 1269 36
m 5 11
1 26 14
2 26 14
3 26 14
t 1268 36
m 5 10
1 26 15
2 26 15
3 26 15
t 1267 36
m 4 10
1 26 14
2 26 14
3 26 14
t 1266 37
m 3 10
1 26 15
2 26 15
3 26 15
t 1265 37
m 3 9
1 26 14
2 26 14
3 26 14
t 1264 38
m 3 8
1 26 15
2 26 15
3 26 15
t 1263 39
m 2 8
1 26 14
2 26 14
3 26 14
t 1262 40
m 2 8
1 26 15
2 26 15
3 26 15
t 1261 40
m 1 8
1 26 14
2 26 14
3 26 14
t 1260 40
m 2 8
1 26 15
2 26 15
3 26 15
t 1259 40
m 2 8
1 26 14
2 26 14
3 26 14
t 1258 40
m 3 8
1 26 15
2 26 15
3 26 15
t 1257 40
m 3 8
1 26 14
2 26 14
3 26 14
t 1256 40
m 3 8
1 26 15
2 26 15
3 26 15
t 1255 40
m 3 8
1 26 14
2 26 14
3 26 14
t 1254 40
m 4 8
1 26 15
2 26 15
3 26 15
t 1253 40
m 5 8
1 26 14
2 26 14
3 26 14
t 1252 40
m 6 8
1 26 15
2 26 15
3 26 15
t 1251 40
m 7 8
1 26 14
2 26 14
3 26 14
t 1250 40
m 7 8
1 26 15
2 26 15
3 26 15
t 1249 40
m 7 7
1 26 14
2 26 14
3 26 14
t 1248 40
m 7 6
1 26 15
2 26 15
3 26 15
t 1247 41
m 7 5
1 26 14
2 26 14
3 26 14
t 1246 42
m 7 4
1 26 15
2 26 15
3 26 15
t 1245 43
m 8 4
1 26 14
2 26 14
3 26 14
t 1244 44
m 8 4
1 26 15
2 26 15
3 26 15
t 1243 44
m 9 4
1 26 14
2 26 14
3 26 14
t 1242 44
m 9 4
1 26 15
2 26 15
3 26 15
t 1241 44
m 10 4
1 26 14
2 26 14
3 26 14
t 1240 44
m 10 4
1 26 15
2 26 15
3 26 15
t 1239 44
m 11 4
1 26 14
2 26 14
3 26 14
t 1238 44
m 10 4
1 26 15
2 26 15
3 26 15
t 1237 44
m 10 4
1 26 14
2 26 14
3 26 14
t 1236 44
m 10 4
1 26 15
2 26 15
3 26 15
t 1235 44
m 11 4
1 26 14
2 26 14
3 26 14
t 1234 44
m 11 4
1 26 15
2 26 15
3 26 15
t 1233 44
m 12 4
1 26 14
2 26 14
3 26 14
t 1232 44
m 12 4
1 26 15
2 26 15
3 26 15
t 1231 44
m 12 5
1 26 14
2 26 14
3 26 14
t 1230 44
m 12 5
1 26 15
2 26 15
3 26 15
t 1229 44
m 12 6
1 26 14
2 26 14
3 26 14
t 1228 44
m 12 7
1 26 15
2 26 15
3 26 15
t 1227 44
m 12 8
1 26 14
2 26 14
3 26 14
t 1226 44
m 12 7
1 26 15
2 26 15
3 26 15
t 1225 44
m 12 8
1 26 14
2 26 14
3 26 14
t 1224 44
m 12 9
1 26 15
2 26 15
3 26 15
t 1223 44
m 12 8
1 26 14
2 26 14
3 26 14
t 1222 44
m 12 9
1 26 15
2 26 15
3 26 15
t 1221 44
m 12 8
1 26 14
2 26 14
3 26 14
t 1220 44
m 12 9
1 26 15
2 26 15
3 26 15
t 1219 44
m 12 9
1 26 14
2 26 14
3 26 14
t 1218 44
m 12 9
1 26 15
2 26 15
3 26 15
t 1217 44
m 12 8
1 26 14
2 26 14
3 26 14
t 1216 44
m 12 8
1 26 15
2 26 15
3 26 15
t 1215 44
m 12 8
1 26 14
2 26 14
3 26 14
t 1214 44
m 12 9
1 26 15
2 26 15
3 26 15
t 1213 44
m 12 8
1 26 14
2 26 14
3 26 14
t 1212 44
m 12 8
1 26 15
2 26 15
3 26 15
t 1211 44
m 12 8
1 26 14
2 26 14
3 26 14
t 1210 44
m 12 8
1 26 15
2 26 15
3 26 15
t 1209 44
m 12 7
1 26 14
2 26 14
3 26 14
t 1208 44
m 12 7
1 26 15
2 26 15
3 26 15
t 1207 44
m 12 6
1 26 14
2 26 14
3 26 14
t 1206 44
m 12 5
1 26 15
2 26 15
3 26 15
t 1205 44
m 13 5
1 26 14
2 26 14
3 26 14
t 1204 44
m 14 5
1 26 15
2 26 15
3 26 15
t 1203 44
m 13 5
1 26 14
2 26 14
3 26 14
t 1202 44
m 14 5
1 26 15
2 26 15
3 26 15
t 1201 44
m 14 5
1 26 14
2 26 14
3 26 14
t 1200 44
m 15 5
1 26 15
2 26 15
3 26 15
t 1199 44
m 16 5
1 26 14
2 26 14
3 26 14
t 1198 44
m 15 5
1 26 15
2 26 15
3 26 15
t 1197 44
m 14 5
1 26 14
2 26 14
3 26 14
t 1196 44
m 15 5
1 26 15
2 26 15
3 26 15
t 1195 44
m 14 5
1 26 14
2 26 14
3 26 14
t 1194 44
m 15 5
1 26 15
2 26 15
3 26 15
t 1193 44
m 15 5
1 26 14
2 26 14
3 26 14
t 1192 44
m 15 6
1 26 15
2 26 15
3 26 15
t 1191 44
m 15 7
1 26 14
2 26 14
3 26 14
f 26 17
t 1190 44
m 15 8
1 26 15
2 26 15
3 26 15
t 1189 44
m 16 8
1 26 14
2 26 14
3 26 14
t 1188 45
m 17 8
1 26 15
2 26 15
3 26 15
t 1187 46
m 18 8
1 26 14
2 26 14
3 26 14
t 1186 47
m 19 8
1 26 15
2 26 15
3 26 15
t 1185 47
m 19 7
1 26 14
2 26 14
3 26 14
t 1184 47
m 19 6
1 26 15
2 26 15
3 26 15
t 1183 48
m 19 6
1 26 14
2 26 14
3 26 14
t 1182 48
m 19 7
1 26 15
2 26 15
3 26 15
t 1181 48
m 19 8
1 26 14
2 26 14
3 26 14
t 1180 48
m 19 8
1 26 15
2 26 15
3 26 15
t 1179 48
m 19 7
1 26 14
2 26 14
3 26 14
t 1178 48
m 19 6
1 26 15
2 26 15
3 26 15
t 1177 48
m 19 5
1 26 14
2 26 14
3 26 14
t 1176 48
m 18 5
1 26 15
2 26 15
3 26 15
t 1175 48
m 17 5
1 26 14
2 26 14
3 26 14
t 1174 48
m 16 5
1 26 15
2 26 15
3 26 15
t 1173 48
m 17 5
1 26 14
2 26 14
3 26 14
t 1172 48
m 18 5
1 26 15
2 26 15
3 26 15
t 1171 48
m 19 5
1 26 14
2 26 14
3 26 14
t 1170 48
m 19 6
1 26 15
2 26 15
3 26 15
t 1169 48
m 19 7
1 26 14
2 26 14
3 26 14
t 1168 48
m 19 7
1 26 15
2 26 15
3 26 15
t 1167 48
m 19 7
1 26 14
2 26 14
3 26 14
t 1166 48
m 19 7
1 26 15
2 26 15
3 26 15
t 1165 48
m 19 8
1 26 14
2 26 14
3 26 14
t 1164 48
m 18 8
1 26 15
2 26 15
3 26 15
t 1163 48
m 18 8
1 26 14
2 26 14
3 26 14
t 1162 48
m 18 8
1 26 15
2 26 15
3 26 15
t 1161 48
m 19 8
1 26 14
2 26 14
3 26 14
t 1160 48
m 18 8
1 26 15
2 26 15
3 26 15
t 1159 48
m 19 8
1 26 14
2 26 14
3 26 14
t 1158 48
m 19 7
1 26 15
2 26 15
3 26 15
t 1157 48
m 19 6
1 26 14
2 26 14
3 26 14
t 1156 48
m 19 6
1 26 15
2 26 15
3 26 15
t 1155 48
m 19 7
1 26 14
2 26 14
3 26 14
t 1154 48
m 19 6
1 26 15
2 26 15
3 26 15
t 1153 48
m 19 6
1 26 14
2 26 14
3 26 14
t 1152 48
m 19 6
1 26 15
2 26 15
3 26 15
t 1151 48
m 19 6
1 26 14
2 26 14
3 26 14
t 1150 48
m 19 7
1 26 15
2 26 15
3 26 15
t 1149 48
m 19 8
1 26 14
2 26 14
3 26 14
t 1148 48
m 18 8
1 26 15
2 26 15
3 26 15
t 1147 48
m 19 8
1 26 14
2 26 14
3 26 14
t 1146 48
m 19 7
1 26 15
2 26 15
3 26 15
t 1145 48
m 19 8
1 26 14
2 26 14
3 26 14
t 1144 48
m 19 8
1 26 15
2 26 15
3 26 15
t 1143 48
m 18 8
1 26 14
2 26 14
3 26 14
t 1142 48
m 18 8
1 26 15
2 26 15
3 26 15
t 1141 48
m 18 8
1 26 14
2 26 14
3 26 14
t 1140 48
m 19 8
1 26 15
2 26 15
3 26 15
t 1139 48
m 19 8
1 26 14
2 26 14
3 26 14
t 1138 48
m 19 7
1 26 15
2 26 15
3 26 15
t 1137 48
m 19 7
1 26 14
2 26 14
3 26 14
t 1136 48
m 19 6
1 26 15
2 26 15
3 26 15
t 1135 48
m 19 7
1 26 14
2 26 14
3 26 14
t 1134 48
m 19 6
1 26 15
2 26 15
3 26 15
t 1133 48
m 19 6
1 26 14
2 26 14
3 26 14
t 1132 48
m 19 7
1 26 15
2 26 15
3 26 15
t 1131 48
m 19 8
1 26 14
2 26 14
3 26 14
t 1130 48
m 18 8
1 26 15
2 26 15
3 26 15
t 1129 48
m 18 8
1 26 14
2 26 14
3 26 14
t 1128 48
m 19 8
1 26 15
2 26 15
3 26 15
t 1127 48
m 19 7
1 26 14
2 26 14
3 26 14
t 1126 48
m 19 7
1 26 15
2 26 15
3 26 15
t 1125 48
m 19 7
1 26 14
2 26 14
3 26 14
t 1124 48
m 19 7
1 26 15
2 26 15
3 26 15
t 1123 48
m 19 7
1 26 14
2 26 14
3 26 14
t 1122 48
m 19 6
1 26 15
2 26 15
3 26 15
t 1121 48
m 19 5
1 26 14
2 26 14
3 26 14
t 1120 48
m 19 6
1 26 15
2 26 15
3 26 15
t 1119 48
m 19 7
1 26 14
2 26 14
3 26 14
t 1118 48
m 19 6
1 26 15
2 26 15
3 26 15
t 1117 48
m 19 6
1 26 14
2 26 14
3 26 14
t 1116 48
m 19 6
1 26 15
2 26 15
3 26 15
t 1115 48
m 19 7
1 26 14
2 26 14
3 26 14
t 1114 48
m 19 6
1 26 15
2 26 15
3 26 15
t 1113 48
m 19 6
1 26 14
2 26 14
3 26 14
t 1112 48
m 19 7
1 26 15
2 26 15
3 26 15
t 1111 48
m 19 7
1 26 14
2 26 14
3 26 14
t 1110 48
m 19 7
1 26 15
2 26 15
3 26 15
t 1109 48
m 19 8
1 26 14
2 26 14
3 26 14
t 1108 48
m 19 8
1 26 15
2 26 15
3 26 15
t 1107 48
m 19 7
1 26 14
2 26 14
3 26 14
t 1106 48
m 19 6
1 26 15
2 26 15
3 26 15
t 1105 48
m 19 7
1 26 14
2 26 14
3 26 14
t 1104 48
m 19 6
1 26 15
2 26 15
3 26 15
t 1103 48
m 19 6
1 26 14
2 26 14
3 26 14
t 1102 48
m 19 6
1 26 15
2 26 15
3 26 15
t 1101 48
m 19 5
1 26 14
2 26 14
3 26 14
t 1100 48
m 20 5
1 26 15
2 26 15
3 26 15
t 1099 48
m 21 5
1 26 14
2 26 14
3 26 14
t 1098 48
m 22 5
1 26 15
2 26 15
3 26 15
t 1097 48
m 22 6
1 26 14
2 26 14
3 26 14
t 1096 49
m 22 7
1 26 15
2 26 15
3 26 15
t 1095 50
m 22 7
1 26 14
2 26 14
3 26 14
t 1094 50
m 22 7
1 26 15
2 26 15
3 26 15
t 1093 50
m 22 6
1 26 14
2 26 14
3 26 14
t 1092 50
m 22 5
1 26 15
2 26 15
3 26 15
t 1091 50
m 22 5
1 26 14
2 26 14
3 26 14
t 1090 50
m 22 6
1 26 15
2 26 15
3 26 15
t 1089 50
m 22 6
1 26 14
2 26 14
3 26 14
t 1088 50
m 22 5
1 26 15
2 26 15
3 26 15
t 1087 50
m 22 6
1 26 14
2 26 14
3 26 14
t 1086 50
m 22 7
1 26 15
2 26 15
3 26 15
t 1085 50
m 22 8
1 26 14
2 26 14
3 26 14
t 1084 50
m 22 9
1 26 15
2 26 15
3 26 15
t 1083 50
m 22 10
1 26 14
2 26 14
3 26 14
t 1082 51
m 22 11
1 26 15
2 26 15
3 26 15
t 1081 52
m 22 12
1 26 14
2 26 14
3 26 14
t 1080 52
m 22 13
1 26 15
2 26 15
3 26 15
t 1079 52
m 22 14
1 26 14
2 26 14
3 26 14
t 1078 53
m 21 14
1 26 15
2 26 15
3 26 15
t 1077 54
m 20 14
1 26 14
2 26 14
3 26 14
t 1076 54
m 19 14
1 26 15
2 26 15
3 26 15
t 1075 55
m 20 14
1 26 14
2 26 14
3 26 14
t 1074 55
m 19 14
1 26 15
2 26 15
3 26 15
t 1073 55
m 18 14
1 26 14
2 26 14
3 26 14
t 1072 55
m 17 14
1 26 15
2 26 15
3 26 15
t 1071 56
m 16 14
1 26 14
2 26 14
3 26 14
t 1070 56
m 16 14
1 26 15
2 26 15
3 26 15
t 1069 56
m 17 14
1 26 14
2 26 14
3 26 14
t 1068 56
m 17 15
1 26 15
2 26 15
3 26 15
t 1067 57
m 17 15
1 26 16
2 26 16
3 26 16
t 1066 57
m 17 15
1 26 15
2 26 15
3 26 15
t 1065 57
m 17 16
1 26 16
2 26 16
3 26 16
t 1064 57
m 17 17
1 26 17
2 26 17
3 26 17
t 1063 58
m 17 18
1 26 18
2 26 18
3 26 18
t 1062 58
m 17 18
1 26 19
2 26 19
3 26 19
t 1061 58
m 17 19
1 26 18
2 26 18
3 26 18
t 1060 58
m 17 19
1 26 19
2 26 19
3 26 19
t 1059 58
m 18 19
1 25 19
2 25 19
3 25 19
t 1058 58
m 19 19
1 24 19
2 24 19
3 24 19
t 1057 58
m 20 19
1 23 19
2 23 19
3 23 19
t 1056 59
m 21 19
1 22 19
2 22 19
3 22 19
t 1055 59
m 20 19
1 21 19
2 21 19
3 21 19
t 1054 59
m 19 19
1 20 19
2 20 19
3 20 19
t 1053 59
m 18 19
1 19 19
2 19 19
3 19 19
t 1052 59
m 17 19
1 18 19
2 18 19
3 18 19
t 1051 59
m 16 19
1 17 19
2 17 19
3 17 19
t 1050 59
m 16 19
1 16 19
2 16 19
3 16 19
t 1049 59