35
20
m 0 19
1 34 0
2 34 0
3 34 0
w 6 19
w 7 19
w 27 19
w 28 19
w 1 18
w 2 18
w 4 18
w 6 18
w 7 18
w 9 18
w 10 18
w 11 18
w 12 18
w 14 18
w 16 18
w 17 18
w 18 18
w 20 18
w 22 18
w 23 18
w 24 18
w 25 18
w 27 18
w 28 18
w 30 18
w 32 18
w 33 18
w 6 17
w 7 17
w 9 17
w 10 17
w 16 17
w 17 17
w 18 17
w 24 17
w 25 17
w 27 17
w 28 17
w 1 16
w 2 16
w 3 16
w 4 16
w 6 16
w 7 16
w 12 16
w 14 16
w 16 16
w 17 16
w 18 16
w 20 16
w 22 16
w 27 16
w 28 16
w 30 16
w 31 16
w 32 16
w 33 16
w 1 15
w 2 15
w 3 15
w 4 15
w 6 15
w 7 15
w 8 15
w 9 15
w 10 15
w 16 15
w 17 15
w 18 15
w 24 15
w 25 15
w 26 15
w 27 15
w 28 15
w 30 15
w 31 15
w 32 15
w 33 15
w 1 14
w 2 14
w 3 14
w 4 14
w 6 14
w 7 14
w 8 14
w 9 14
w 10 14
w 12 14
w 13 14
w 14 14
w 15 14
w 16 14
w 17 14
w 18 14
w 19 14
w 20 14
w 21 14
w 22 14
w 24 14
w 25 14
w 26 14
w 27 14
w 28 14
w 30 14
w 31 14
w 32 14
w 33 14
w 14 13
w 15 13
w 16 13
w 17 13
w 18 13
w 19 13
w 20 13
w 1 12
w 2 12
w 3 12
w 4 12
w 5 12
w 6 12
w 7 12
w 8 12
w 10 12
w 11 12
w 12 12
w 14 12
w 15 12
w 16 12
w 17 12
w 18 12
w 19 12
w 20 12
w 22 12
w 23 12
w 24 12
w 26 12
w 27 12
w 28 12
w 29 12
w 30 12
w 31 12
w 32 12
w 33 12
w 1 11
w 2 11
w 3 11
w 4 11
w 5 11
w 6 11
w 7 11
w 8 11
w 10 11
w 11 11
w 12 11
w 14 11
w 15 11
w 16 11
w 17 11
w 18 11
w 19 11
w 20 11
w 22 11
w 23 11
w 24 11
w 26 11
w 27 11
w 28 11
w 29 11
w 30 11
w 31 11
w 32 11
w 33 11
w 1 10
w 2 10
w 3 10
w 4 10
w 5 10
w 6 10
w 7 10
w 8 10
w 10 10
w 11 10
w 12 10
w 14 10
w 15 10
w 16 10
w 17 10
w 18 10
w 19 10
w 20 10
w 22 10
w 23 10
w 24 10
w 26 10
w 27 10
w 28 10
w 29 10
w 30 10
w 31 10
w 32 10
w 33 10
w 1 9
w 2 9
w 3 9
w 4 9
w 5 9
w 14 9
w 15 9
w 16 9
w 17 9
w 18 9
w 19 9
w 20 9
w 29 9
w 30 9
w 31 9
w 32 9
w 33 9
w 1 8
w 2 8
w 3 8
w 4 8
w 5 8
w 7 8
w 8 8
w 9 8
w 11 8
w 12 8
w 22 8
w 23 8
w 25 8
w 26 8
w 27 8
w 29 8
w 30 8
w 31 8
w 32 8
w 33 8
w 3 7
w 4 7
w 5 7
w 11 7
w 12 7
w 13 7
w 14 7
w 15 7
w 16 7
w 17 7
w 18 7
w 19 7
w 20 7
w 21 7
w 22 7
w 23 7
w 29 7
w 30 7
w 31 7
w 0 6
w 1 6
w 3 6
w 4 6
w 5 6
w 7 6
w 8 6
w 10 6
w 11 6
w 12 6
w 13 6
w 14 6
w 15 6
w 16 6
w 17 6
w 18 6
w 19 6
w 20 6
w 21 6
w 22 6
w 23 6
w 24 6
w 26 6
w 27 6
w 29 6
w 30 6
w 31 6
w 33 6
w 34 6
w 0 5
w 1 5
w 3 5
w 4 5
w 13 5
w 14 5
w 15 5
w 16 5
w 17 5
w 18 5
w 19 5
w 20 5
w 21 5
w 30 5
w 31 5
w 33 5
w 34 5
w 0 4
w 1 4
w 3 4
w 4 4
w 6 4
w 7 4
w 8 4
w 9 4
w 10 4
w 11 4
w 13 4
w 14 4
w 20 4
w 21 4
w 23 4
w 24 4
w 25 4
w 26 4
w 27 4
w 28 4
w 30 4
w 31 4
w 33 4
w 34 4
w 0 3
w 1 3
w 3 3
w 4 3
w 6 3
w 7 3
w 8 3
w 9 3
w 10 3
w 11 3
w 13 3
w 14 3
w 16 3
w 17 3
w 18 3
w 20 3
w 21 3
w 23 3
w 24 3
w 25 3
w 26 3
w 27 3
w 28 3
w 30 3
w 31 3
w 33 3
w 34 3
w 3 2
w 4 2
w 6 2
w 7 2
w 8 2
w 9 2
w 10 2
w 11 2
w 13 2
w 14 2
w 16 2
w 17 2
w 18 2
w 20 2
w 21 2
w 23 2
w 24 2
w 25 2
w 26 2
w 27 2
w 28 2
w 30 2
w 31 2
w 1 1
w 3 1
w 4 1
w 6 1
w 7 1
w 8 1
w 9 1
w 10 1
w 11 1
w 17 1
w 23 1
w 24 1
w 25 1
w 26 1
w 27 1
w 28 1
w 30 1
w 31 1
w 33 1
w 6 0
w 7 0
w 8 0
w 9 0
w 10 0
w 11 0
w 12 0
w 13 0
w 14 0
w 15 0
w 19 0
w 20 0
w 21 0
w 22 0
w 23 0
w 24 0
w 25 0
w 26 0
w 27 0
w 28 0
p 1 19
p 2 19
p 3 19
p 5 19
p 10 19
p 11 19
p 19 19
p 20 19
p 22 19
p 25 19
p 26 19
p 29 19
p 31 19
p 32 19
p 0 18
p 3 18
p 8 18
p 13 18
p 15 18
p 19 18
p 21 18
p 29 18
p 31 18
p 0 17
p 1 17
p 2 17
p 3 17
p 4 17
p 8 17
p 11 17
p 14 17
p 15 17
p 19 17
p 22 17
p 29 17
p 30 17
p 32 17
p 33 17
p 34 17
p 5 16
p 11 16
p 19 16
p 24 16
p 25 16
p 26 16
p 0 15
p 11 15
p 13 15
p 14 15
p 15 15
p 23 15
p 34 15
p 0 14
p 5 14
p 11 14
p 34 14
p 3 13
p 5 13
p 7 13
p 9 13
p 10 13
p 21 13
p 23 13
p 24 13
p 25 13
p 32 13
p 33 13
p 25 12
p 34 12
p 9 11
p 13 11
p 25 11
p 0 10
p 13 10
p 25 10
p 34 10
p 9 9
p 10 9
p 11 9
p 22 9
p 24 9
p 25 9
p 27 9
p 6 8
p 10 8
p 15 8
p 17 8
p 21 8
p 24 8
p 28 8
p 34 8
p 1 7
p 2 7
p 6 7
p 7 7
p 10 7
p 27 7
p 28 7
p 32 7
p 33 7
p 2 6
p 6 6
p 9 6
p 25 6
p 32 6
p 5 5
p 8 5
p 9 5
p 12 5
p 22 5
p 25 5
p 26 5
p 28 5
p 32 5
p 2 4
p 12 4
p 15 4
p 16 4
p 17 4
p 19 4
p 29 4
p 32 4
p 2 3
p 19 3
p 22 3
p 2 2
p 15 2
p 22 2
p 29 2
p 33 2
p 34 2
p 5 1
p 13 1
p 16 1
p 22 1
p 29 1
p 32 1
p 34 1
p 0 0
p 3 0
p 4 0
p 5 0
p 17 0
p 18 0
p 29 0
p 31 0
p 32 0
p 34 0
t 1400 0
m 0 18
1 34 1
2 34 1
3 34 1
t 1399 0
m 0 17
1 34 2
2 34 2
3 34 2
t 1398 1
m 1 17
1 33 2
2 33 2
3 33 2
t 1397 2
m 2 17
1 32 2
2 32 2
3 32 2
t 1396 2
m 3 17
1 32 3
2 32 3
3 32 3
t 1395 3
m 3 18
1 32 4
2 32 4
3 32 4
t 1394 4
m 3 19
1 32 5
2 32 5
3 32 5
t 1393 4
m 2 19
1 32 6
2 32 6
3 32 6
t 1392 5
m 1 19
1 32 7
2 32 7
3 32 7
t 1391 6
m 1 19
1 33 7
2 33 7
3 33 7
t 1390 6
m 0 19
1 32 7
2 32 7
3 32 7
t 1389 6
m 0 19
1 33 7
2 33 7
3 33 7
t 1388 6
m 0 18
1 32 7
2 32 7
3 32 7
t 1387 6
m 0 17
1 33 7
2 33 7
3 33 7
t 1386 6
m 0 16
1 32 7
2 32 7
3 32 7
t 1385 6
m 0 15
1 33 7
2 33 7
3 33 7
t 1384 6
m 0 14
1 32 7
2 32 7
3 32 7
t 1383 7
m 0 14
1 33 7
2 33 7
3 33 7
t 1382 7
m 0 15
1 32 7
2 32 7
3 32 7
t 1381 7
m 0 14
1 33 7
2 33 7
3 33 7
t 1380 7
m 0 15
1 32 7
2 32 7
3 32 7
t 1379 7
m 0 15
1 33 7
2 33 7
3 33 7
t 1378 7
m 0 14
1 32 7
2 32 7
3 32 7
t 1377 7
m 0 13
1 33 7
2 33 7
3 33 7
t 1376 7
m 0 13
1 32 7
2 32 7
3 32 7
t 1375 7
m 1 13
1 33 7
2 33 7
3 33 7
t 1374 7
m 2 13
1 32 7
2 32 7
3 32 7
t 1373 7
m 3 13
1 33 7
2 33 7
3 33 7
t 1372 8
m 4 13
1 32 7
2 32 7
3 32 7
t 1371 8
m 5 13
1 33 7
2 33 7
3 33 7
t 1370 8
m 6 13
1 32 7
2 32 7
3 32 7
t 1369 8
m 6 13
1 33 7
2 33 7
3 33 7
t 1368 8
m 7 13
1 32 7
2 32 7
3 32 7
t 1367 9
m 7 13
1 33 7
2 33 7
3 33 7
t 1366 9
m 8 13
1 32 7
2 32 7
3 32 7
t 1365 9
m 9 13
1 33 7
2 33 7
3 33 7
t 1364 10
m 10 13
1 32 7
2 32 7
3 32 7
t 1363 10
m 11 13
1 33 7
2 33 7
3 33 7
t 1362 10
m 11 14
1 32 7
2 32 7
3 32 7
t 1361 11
m 11 15
1 33 7
2 33 7
3 33 7
t 1360 12
m 11 16
1 32 7
2 32 7
3 32 7
t 1359 12
m 11 17
1 33 7
2 33 7
3 33 7
t 1358 13
m 11 17
1 32 7
2 32 7
3 32 7
t 1357 13
m 11 17
1 33 7
2 33 7
3 33 7
t 1356 13
m 11 16
1 32 7
2 32 7
3 32 7
t 1355 13
m 11 16
1 33 7
2 33 7
3 33 7
t 1354 13
m 11 17
1 32 7
2 32 7
3 32 7
t 1353 13
m 12 17
1 33 7
2 33 7
3 33 7
t 1352 13
m 13 17
1 32 7
2 32 7
3 32 7
t 1351 13
m 13 18
1 33 7
2 33 7
3 33 7
t 1350 14
m 13 19
1 32 7
2 32 7
3 32 7
t 1349 14
m 12 19
1 33 7
2 33 7
3 33 7
t 1348 14
m 11 19
1 32 7
2 32 7
3 32 7
t 1347 14
m 10 19
1 33 7
2 33 7
3 33 7
t 1346 15
m 11 19
1 32 7
2 32 7
3 32 7
t 1345 15
m 12 19
1 33 7
2 33 7
3 33 7
t 1344 15
m 13 19
1 32 7
2 32 7
3 32 7
t 1343 15
m 13 19
1 33 7
2 33 7
3 33 7
t 1342 15
m 13 19
1 32 7
2 32 7
3 32 7
t 1341 15
m 13 19
1 33 7
2 33 7
3 33 7
t 1340 15
m 14 19
1 32 7
2 32 7
3 32 7
t 1339 15
m 15 19
1 33 7
2 33 7
3 33 7
t 1338 15
m 15 18
1 32 7
2 32 7
3 32 7
t 1337 16
m 15 17
1 33 7
2 33 7
3 33 7
t 1336 16
m 14 17
1 32 7
2 32 7
3 32 7
t 1335 17
m 15 17
1 33 7
2 33 7
3 33 7
t 1334 17
m 15 16
1 32 7
2 32 7
3 32 7
t 1333 17
m 15 15
1 33 7
2 33 7
3 33 7
t 1332 18
m 14 15
1 32 7
2 32 7
3 32 7
t 1331 18
m 14 15
1 33 7
2 33 7
3 33 7
t 1330 18
m 13 15
1 32 7
2 32 7
3 32 7
t 1329 19
m 13 16
1 33 7
2 33 7
3 33 7
t 1328 19
m 13 15
1 32 7
2 32 7
3 32 7
t 1327 19
m 13 15
1 33 7
2 33 7
3 33 7
t 1326 19
m 14 15
1 32 7
2 32 7
3 32 7
t 1325 19
m 13 15
1 33 7
2 33 7
3 33 7
t 1324 19
m 12 15
1 32 7
2 32 7
3 32 7
t 1323 19
m 13 15
1 33 7
2 33 7
3 33 7
t 1322 19
m 13 16
1 32 7
2 32 7
3 32 7
t 1321 19
m 13 15
1 33 7
2 33 7
3 33 7
t 1320 19
m 13 15
1 32 7
2 32 7
3 32 7
t 1319 19
m 13 15
1 33 7
2 33 7
3 33 7
t 1318 19
m 13 15
1 32 7
2 32 7
3 32 7
t 1317 19
m 12 15
1 33 7
2 33 7
3 33 7
t 1316 19
m 13 15
1 32 7
2 32 7
3 32 7
t 1315 19
m 12 15
1 33 7
2 33 7
3 33 7
t 1314 19
m 12 15
1 32 7
2 32 7
3 32 7
t 1313 19
m 11 15
1 33 7
2 33 7
3 33 7
t 1312 19
m 11 16
1 32 7
2 32 7
3 32 7
t 1311 19
m 11 17
1 33 7
2 33 7
3 33 7
t 1310 19
m 11 16
1 32 7
2 32 7
3 32 7
t 1309 19
m 11 16
1 33 7
2 33 7
3 33 7
t 1308 19
m 11 16
1 32 7
2 32 7
3 32 7
t 1307 19
m 11 17
1 33 7
2 33 7
3 33 7
t 1306 19
m 12 17
1 32 7
2 32 7
3 32 7
t 1305 19
m 13 17
1 33 7
2 33 7
3 33 7
t 1304 19
m 12 17
1 32 7
2 32 7
3 32 7
t 1303 19
m 13 17
1 33 7
2 33 7
3 33 7
t 1302 19
m 13 18
1 32 7
2 32 7
3 32 7
t 1301 19
m 13 17
1 33 7
2 33 7
3 33 7
t 1300 19
m 12 17
1 32 7
2 32 7
3 32 7
t 1299 19
m 11 17
1 33 7
2 33 7
3 33 7
t 1298 19
m 11 17
1 32 7
2 32 7
3 32 7
t 1297 19
m 11 17
1 33 7
2 33 7
3 33 7
t 1296 19
m 12 17
1 32 7
2 32 7
3 32 7
t 1295 19
m 13 17
1 33 7
2 33 7
3 33 7
t 1294 19
m 14 17
1 32 7
2 32 7
3 32 7
t 1293 19
m 15 17
1 33 7
2 33 7
3 33 7
t 1292 19
m 15 18
1 32 7
2 32 7
3 32 7
t 1291 19
m 15 18
1 33 7
2 33 7
3 33 7
t 1290 19
m 15 18
1 32 7
2 32 7
3 32 7
t 1289 19
m 15 18
1 33 7
2 33 7
3 33 7
t 1288 19
m 15 19
1 32 7
2 32 7
3 32 7
t 1287 19
m 16 19
1 33 7
2 33 7
3 33 7
t 1286 19
m 16 19
1 32 7
2 32 7
3 32 7
t 1285 19
m 17 19
1 33 7
2 33 7
3 33 7
t 1284 19
m 18 19
1 32 7
2 32 7
3 32 7
t 1283 19
m 18 19
1 33 7
2 33 7
3 33 7
t 1282 19
m 19 19
1 32 7
2 32 7
3 32 7
t 1281 20
m 20 19
1 33 7
2 33 7
3 33 7
t 1280 20
m 21 19
1 32 7
2 32 7
3 32 7
t 1279 20
m 21 18
1 33 7
2 33 7
3 33 7
t 1278 21
m 21 17
1 32 7
2 32 7
3 32 7
t 1277 21
m 22 17
1 33 7
2 33 7
3 33 7
t 1276 22
m 23 17
1 32 7
2 32 7
3 32 7
t 1275 22
m 23 16
1 33 7
2 33 7
3 33 7
t 1274 22
m 23 15
1 32 7
2 32 7
3 32 7
t 1273 22
m 23 14
1 33 7
2 33 7
3 33 7
t 1272 22
m 23 13
1 32 7
2 32 7
3 32 7
t 1271 23
m 24 13
1 33 7
2 33 7
3 33 7
t 1270 24
m 25 13
1 32 7
2 32 7
3 32 7
t 1269 25
m 25 12
1 33 7
2 33 7
3 33 7
t 1268 25
m 25 11
1 32 7
2 32 7
3 32 7
t 1267 26
m 25 11
1 33 7
2 33 7
3 33 7
t 1266 26
m 25 10
1 32 7
2 32 7
3 32 7
t 1265 27
m 25 9
1 33 7
2 33 7
3 33 7
t 1264 27
m 24 9
1 32 7
2 32 7
3 32 7
t 1263 28
m 24 8
1 33 7
2 33 7
3 33 7
t 1262 29
m 24 9
1 32 7
2 32 7
3 32 7
t 1261 29
m 24 9
1 33 7
2 33 7
3 33 7
t 1260 29
m 23 9
1 32 7
2 32 7
3 32 7
t 1259 29
m 22 9
1 33 7
2 33 7
3 33 7
t 1258 29
m 21 9
1 32 7
2 32 7
3 32 7
t 1257 29
m 21 8
1 33 7
2 33 7
3 33 7
t 1256 30
m 21 8
1 32 7
2 32 7
3 32 7
t 1255 30
m 21 8
1 33 7
2 33 7
3 33 7
t 1254 30
m 20 8
1 32 7
2 32 7
3 32 7
t 1253 30
m 19 8
1 33 7
2 33 7
3 33 7
t 1252 30
m 19 8
1 32 7
2 32 7
3 32 7
t 1251 30
m 18 8
1 33 7
2 33 7
3 33 7
t 1250 30
m 17 8
1 32 7
2 32 7
3 32 7
t 1249 31
m 16 8
1 33 7
2 33 7
3 33 7
t 1248 31
m 16 8
1 32 7
2 32 7
3 32 7
t 1247 31
m 15 8
1 33 7
2 33 7
3 33 7
t 1246 31
m 16 8
1 32 7
2 32 7
3 32 7
t 1245 31
m 17 8
1 33 7
2 33 7
3 33 7
t 1244 31
m 17 8
1 32 7
2 32 7
3 32 7
t 1243 31
m 16 8
1 33 7
2 33 7
3 33 7
t 1242 31
m 15 8
1 32 7
2 32 7
3 32 7
t 1241 31
m 14 8
1 33 7
2 33 7
3 33 7
t 1240 31
m 13 8
1 32 7
2 32 7
3 32 7
t 1239 31
m 13 9
1 33 7
2 33 7
3 33 7
t 1238 31
m 13 10
1 32 7
2 32 7
3 32 7
t 1237 32
m 13 11
1 33 7
2 33 7
3 33 7
t 1236 33
m 13 10
1 32 7
2 32 7
3 32 7
t 1235 33
m 13 9
1 33 7
2 33 7
3 33 7
t 1234 33
m 13 8
1 32 7
2 32 7
3 32 7
t 1233 33
m 13 9
1 33 7
2 33 7
3 33 7
t 1232 33
m 13 10
1 32 7
2 32 7
3 32 7
t 1231 33
m 13 10
1 33 7
2 33 7
3 33 7
t 1230 33
m 13 9
1 32 7
2 32 7
3 32 7
t 1229 33
m 12 9
1 33 7
2 33 7
3 33 7
t 1228 33
m 11 9
1 32 7
2 32 7
3 32 7
t 1227 33
m 10 9
1 33 7
2 33 7
3 33 7
t 1226 34
m 10 8
1 32 7
2 32 7
3 32 7
t 1225 35
m 10 8
1 33 7
2 33 7
3 33 7
t 1224 35
m 10 7
1 32 7
2 32 7
3 32 7
t 1223 35
m 9 7
1 33 7
2 33 7
3 33 7
t 1222 35
m 10 7
1 32 7
2 32 7
3 32 7
t 1221 35
m 9 7
1 33 7
2 33 7
3 33 7
t 1220 35
m 9 6
1 32 7
2 32 7
3 32 7
t 1219 36
m 9 6
1 32 6
2 32 6
3 32 6
t 1218 36
m 9 5
1 32 7
2 32 7
3 32 7
t 1217 37
m 8 5
1 32 6
2 32 6
3 32 6
t 1216 37
m 9 5
1 32 5
2 32 5
3 32 5
t 1215 37
m 10 5
1 32 6
2 32 6
3 32 6
t 1214 37
m 11 5
1 32 5
2 32 5
3 32 5
t 1213 37
m 10 5
1 32 6
2 32 6
3 32 6
t 1212 37
m 11 5
1 32 5
2 32 5
3 32 5
t 1211 37
m 12 5
1 32 6
2 32 6
3 32 6
t 1210 38
m 12 4
1 32 5
2 32 5
3 32 5
t 1209 39
m 12 3
1 32 4
2 32 4
3 32 4
t 1208 39
m 12 2
1 32 3
2 32 3
3 32 3
t 1207 39
m 12 1
1 32 2
2 32 2
3 32 2
t 1206 39
m 13 1
1 32 1
2 32 1
3 32 1
t 1205 39
m 14 1
1 32 2
2 32 2
3 32 2
t 1204 39
m 14 1
1 32 1
2 32 1
3 32 1
t 1203 39
m 14 1
1 32 2
2 32 2
3 32 2
t 1202 39
m 13 1
1 32 1
2 32 1
3 32 1
t 1201 39
m 14 1
1 32 2
2 32 2
3 32 2
t 1200 39
m 15 1
1 32 1
2 32 1
3 32 1
t 1199 39
m 15 2
1 32 2
2 32 2
3 32 2
t 1198 40
m 15 1
1 32 3
2 32 3
3 32 3
t 1197 40
m 16 1
1 32 2
2 32 2
3 32 2
t 1196 41
m 16 1
1 32 1
2 32 1
3 32 1
t 1195 41
m 16 0
1 32 2
2 32 2
3 32 2
t 1194 41
m 17 0
1 32 1
2 32 1
3 32 1
t 1193 41
m 18 0
1 32 0
2 32 0
3 32 0
t 1192 42
m 17 0
1 31 0
2 31 0
3 31 0
t 1191 42
m 17 0
1 30 0
2 30 0
3 30 0
t 1190 42
m 18 0
1 29 0
2 29 0
3 29 0
t 1189 42
m 18 1
1 29 1
2 29 1
3 29 1
t 1188 42
m 19 1
1 29 2
2 29 2
3 29 2
t 1187 42
m 19 2
1 29 1
2 29 1
3 29 1
t 1186 42
m 19 3
1 29 2
2 29 2
3 29 2
t 1185 43
m 19 4
1 29 3
2 29 3
3 29 3
t 1184 43
m 19 3
1 29 4
2 29 4
3 29 4
t 1183 43
m 19 2
1 29 3
2 29 3
3 29 3
t 1182 43
m 19 1
1 29 2
2 29 2
3 29 2
t 1181 43
m 20 1
1 29 1
2 29 1
3 29 1
t 1180 43
m 21 1
1 29 2
2 29 2
3 29 2
t 1179 43
m 22 1
1 29 1
2 29 1
3 29 1
t 1178 44
m 22 2
1 29 2
2 29 2
3 29 2
t 1177 45
m 22 3
1 29 3
2 29 3
3 29 3
t 1176 45
m 22 4
1 29 4
2 29 4
3 29 4
t 1175 45
m 22 5
1 29 5
2 29 5
3 29 5
t 1174 46
m 22 5
1 28 5
2 28 5
3 28 5
t 1173 46
m 23 5
1 27 5
2 27 5
3 27 5
t 1172 46
m 24 5
1 26 5
2 26 5
3 26 5
t 1171 46
m 24 5
1 25 5
2 25 5
3 25 5
t 1170 46
m 24 5
1 24 5
2 24 5
3 24 5
t 1169 46